Circular rotation test
---------------------------------------------
Number of tests             : 500
Number of CORDIC iterations : 10
Number format               : q0.31
CORDIC iteration logging    : OFF
Test logging                : OFF
---------------------------------------------
---------------------------------------------
Test table
No :     init x,     init y,   init ang |      exp x,      exp y,     exp ang |      error x,      error y,  error ang
 0 :   0.271516,   0.229429,   5.503677 |   0.408824,   0.418956,    0.000000 | 6.906095e-04, 6.722796e-04,   0.094336 :       OK
 1 :  -0.651902,  -0.478119,  10.850380 |  -0.906119,  -0.975357,    0.000000 | 7.323366e-01, 1.845337e+00,  34.149620 : Overflow
 2 :   0.607230,  -0.373656,  77.562912 |   0.816242,   0.843975,    0.000000 | 1.320974e-03, 1.280609e-03,   0.089782 :       OK
 3 :   0.288310,   0.022787,  54.128957 |   0.247794,   0.406718,    0.000000 | 2.654505e-04, 1.621988e-04,   0.037425 :       OK
 4 :   0.266653,   0.321852, -42.085398 |   0.681121,   0.099037,    0.000000 | 1.380574e-04, 9.572526e-04,   0.080510 :       OK
 5 :   0.045354,  -0.257065,  76.190816 |   0.428915,  -0.028515,    0.000000 | 3.058357e-05, 4.523096e-04,   0.060425 :       OK
 6 :   0.538467,  -0.253039, -15.296672 |   0.745381,  -0.635866,    0.000000 | 9.443469e-04, 1.109622e-03,   0.085209 :       OK
 7 :   0.216965,  -0.402489, -22.556966 |   0.075704,  -0.749154,    0.000000 | 5.598641e-05, 6.140023e-06,   0.004286 :       OK
 8 :   0.526389,   0.505197,   5.643753 |   0.780819,   0.913154,    0.000000 | 7.596277e-01, 1.881567e+00,  39.356247 : Overflow
 9 :   0.482171,   0.252311,  14.596082 |   0.663687,   0.602182,    0.000000 | 5.778834e-04, 6.383699e-04,   0.055053 :       OK
10 :   0.206211,   0.444421,  36.867911 |  -0.167422,   0.789238,    0.000000 | 8.983083e-04, 1.895001e-04,   0.065198 :       OK
11 :   0.219958,  -0.343276, -49.276788 |  -0.192105,  -0.643315,    0.000000 | 1.122720e-03, 3.337528e-04,   0.099956 :       OK
12 :  -0.158541,   0.806770,  31.487039 |  -0.916551,   0.996575,    0.000000 | 2.753537e-01, 1.865690e+00,  13.052090 : Overflow
13 :  -0.333620,   0.383982,  64.009231 |  -0.809134,  -0.216728,    0.000000 | 3.383426e-04, 1.257201e-03,   0.089052 :       OK
14 :   0.151028,  -0.007814,  52.267242 |   0.162380,   0.188821,    0.000000 | 1.148721e-04, 9.851702e-05,   0.034816 :       OK
15 :   0.472879,   0.257835,   7.086934 |   0.720385,   0.517423,    0.000000 | 7.020319e-04, 9.750473e-04,   0.077614 :       OK
16 :  -0.181083,  -0.578222,   1.624796 |  -0.271081,  -0.960265,    0.000000 | 1.353705e-04, 3.754531e-05,   0.008067 :       OK
17 :  -0.431672,  -0.248314,  40.001555 |  -0.281685,  -0.770187,    0.000000 | 9.891471e-04, 3.630435e-04,   0.073615 :       OK
18 :   0.301808,   0.164704,  50.542124 |   0.106439,   0.556102,    0.000000 | 2.950962e-04, 5.692886e-05,   0.030413 :       OK
19 :  -0.591350,  -0.030172,   8.451024 |  -0.955936,  -0.192262,    0.000000 | 1.869232e-04, 9.239372e-04,   0.055391 :       OK
20 :  -0.251273,  -0.163312,   9.449425 |  -0.364019,  -0.333221,    0.000000 | 2.775314e-04, 3.039019e-04,   0.047782 :       OK
21 :   0.388655,  -0.158285,  51.726662 |   0.601071,   0.341003,    0.000000 | 5.696029e-04, 1.006868e-03,   0.095911 :       OK
22 :   0.201247,  -0.461206,  19.328729 |   0.564110,  -0.606996,    0.000000 | 9.707965e-04, 9.043774e-04,   0.091738 :       OK
23 :  -0.377172,  -0.653374, -15.796278 |  -0.890549,  -0.866240,    0.000000 | 1.860003e+00, 5.900383e-01,  29.203722 : Overflow
24 :  -0.296842,   0.350285, -85.250218 |   0.534378,   0.534914,    0.000000 | 4.382505e-04, 4.388507e-04,   0.046998 :       OK
25 :  -0.441365,   0.068022,  13.233187 |  -0.733164,  -0.057339,    0.000000 | 3.430984e-05, 4.464375e-04,   0.034885 :       OK
26 :  -0.258081,   0.687731, -68.394253 |   0.896465,   0.812154,    0.000000 | 7.477912e-04, 8.235127e-04,   0.052688 :       OK
27 :  -0.628675,  -0.064741,  14.903639 |  -0.973030,  -0.369294,    0.000000 | 1.959525e+00, 1.855051e-01,  10.504934 : Overflow
28 :  -0.256397,   0.042929,  -8.890781 |  -0.406226,   0.135099,    0.000000 | 1.496241e-04, 4.482093e-04,   0.063241 :       OK
29 :   0.340822,  -0.359454, -52.144615 |  -0.122945,  -0.806396,    0.000000 | 9.324807e-04, 1.410919e-04,   0.066243 :       OK
30 :  -0.360337,   0.184773,  26.686878 |  -0.666832,   0.005365,    0.000000 | 8.651796e-06, 1.281016e-03,   0.110067 :       OK
31 :  -0.621922,   0.170128, -47.071984 |  -0.492395,   0.940708,    0.000000 | 4.366263e-01, 1.922762e+00,  24.493067 : Overflow
32 :  -0.203534,  -0.498203,  64.530442 |   0.596553,  -0.655405,    0.000000 | 1.764681e-04, 1.614250e-04,   0.015462 :       OK
33 :   0.044687,   0.302970, -72.084754 |   0.497365,   0.083451,    0.000000 | 2.617766e-05, 1.581065e-04,   0.018207 :       OK
34 :   0.341454,   0.191866, -40.186088 |   0.633444,  -0.121455,    0.000000 | 7.227548e-05, 3.797390e-04,   0.034339 :       OK
35 :  -0.297725,   0.155885, -76.883613 |   0.138748,   0.535745,    0.000000 | 7.661806e-04, 1.974784e-04,   0.081916 :       OK
36 :   0.390946,   0.219511,  80.574580 |  -0.251172,   0.694300,    0.000000 | 2.879454e-04, 1.047347e-04,   0.023777 :       OK
37 :  -0.194382,  -0.268108,  80.926385 |   0.385504,  -0.385723,    0.000000 | 7.024973e-04, 7.003323e-04,   0.104219 :       OK
38 :   0.477324,   0.184723, -10.553792 |   0.828457,   0.155079,    0.000000 | 9.057782e-05, 4.801947e-04,   0.033219 :       OK
39 :  -0.248027,  -0.438533,  84.819386 |   0.682329,  -0.471981,    0.000000 | 2.483250e-04, 3.601250e-04,   0.030209 :       OK
40 :   0.448912,  -0.227920, -61.419905 |   0.024052,  -0.828725,    0.000000 | 1.040878e-04, 3.554546e-06,   0.007197 :       OK
41 :   0.390400,   0.670704, -13.084197 |   0.876242,   0.930275,    0.000000 | 1.815138e+00, 6.499703e-01,  31.915803 : Overflow
42 :   0.147209,  -0.066294,  66.899246 |   0.195529,   0.180147,    0.000000 | 3.163054e-04, 3.424615e-04,   0.100466 :       OK
43 :   0.560823,  -0.232318,  22.030049 |   0.999611,  -0.008226,    0.000000 | 9.276858e-06, 1.308684e-03,   0.075011 :       OK
44 :  -0.177869,   0.389947,  58.044734 |  -0.699862,   0.091342,    0.000000 | 1.860981e-05, 1.461725e-04,   0.011962 :       OK
45 :  -0.321552,  -0.418264,  70.063674 |   0.466950,  -0.732644,    0.000000 | 8.719364e-04, 5.571136e-04,   0.068238 :       OK
46 :  -0.532182,   0.300311,  72.332568 |  -0.737187,  -0.684952,    0.000000 | 6.898554e-05, 7.519446e-05,   0.005810 :       OK
47 :   0.466304,   0.137532,  63.710050 |   0.137054,   0.788775,    0.000000 | 8.172287e-04, 1.429518e-04,   0.059374 :       OK
48 :   0.180775,  -0.377409,  41.716380 |   0.635788,  -0.265821,    0.000000 | 8.446561e-06, 2.133635e-05,   0.001908 :       OK
49 :  -0.162435,   0.569312, -14.442090 |  -0.025220,   0.974607,    0.000000 | 1.683001e-03, 4.147803e-05,   0.098938 :       OK
50 :   0.087798,  -0.321495, -57.852974 |  -0.371326,  -0.404119,    0.000000 | 1.419412e-04, 1.299037e-04,   0.020087 :       OK
51 :  -0.135508,   0.667355,  45.962001 |  -0.945148,   0.603518,    0.000000 | 1.876362e+00, 4.731028e-01,  25.603051 : Overflow
52 :   0.195447,  -0.503853,  -6.959537 |   0.218946,  -0.862610,    0.000000 | 2.826596e-04, 7.237738e-05,   0.018785 :       OK
53 :  -0.391729,   0.407707, -37.122320 |  -0.109157,   0.924656,    0.000000 | 1.545997e-03, 1.844143e-04,   0.095811 :       OK
54 :   0.322309,   0.243589,   2.983900 |   0.509164,   0.428218,    0.000000 | 6.178389e-05, 7.413097e-05,   0.008311 :       OK
55 :  -0.448765,   0.105657, -31.544955 |  -0.538778,   0.534907,    0.000000 | 4.593255e-04, 4.637322e-04,   0.049258 :       OK
56 :   0.540143,  -0.445733,  75.076745 |   0.938324,   0.670458,    0.000000 | 7.640195e-04, 1.071820e-03,   0.065395 :       OK
57 :  -0.483447,  -0.004092,  27.286151 |  -0.704446,  -0.370958,    0.000000 | 2.693998e-04, 5.131262e-04,   0.041708 :       OK
58 :  -0.543396,  -0.429942,  88.631445 |   0.686437,  -0.911497,    0.000000 | 3.132224e-01, 1.881433e+00,  17.066394 : Overflow
59 :  -0.184444,  -0.465756, -19.872655 |  -0.546371,  -0.618065,    0.000000 | 4.961473e-05, 4.315658e-05,   0.004567 :       OK
60 :  -0.152150,   0.135266, -54.487939 |   0.035778,   0.333340,    0.000000 | 2.979207e-04, 3.232564e-05,   0.051214 :       OK
61 :  -0.186939,   0.583499, -73.585596 |   0.834729,   0.566825,    0.000000 | 8.286070e-04, 1.223306e-03,   0.083901 :       OK
62 :  -0.033640,   0.531850,  42.898294 |  -0.636758,   0.603891,    0.000000 | 6.433761e-04, 6.768571e-04,   0.060969 :       OK
63 :  -0.572810,   0.194698, -31.012405 |  -0.643253,   0.760792,    0.000000 | 4.741806e-04, 3.998404e-04,   0.035671 :       OK
64 :  -0.542329,  -0.104183,  35.509635 |  -0.627336,  -0.658397,    0.000000 | 5.600116e-04, 5.348467e-04,   0.048789 :       OK
65 :  -0.114908,  -0.011220, -25.322331 |  -0.178946,   0.064233,    0.000000 | 9.394872e-05, 2.626924e-04,   0.084075 :       OK
66 :   0.150166,  -0.428170,   8.513184 |   0.348943,  -0.660717,    0.000000 | 7.828582e-05, 4.080049e-05,   0.006769 :       OK
67 :   0.332527,  -0.085976,  28.258258 |   0.549363,   0.134548,    0.000000 | 2.483750e-04, 1.008605e-03,   0.105225 :       OK
68 :  -0.435769,  -0.232962,  80.330387 |   0.257648,  -0.771850,    0.000000 | 5.946357e-04, 1.992941e-04,   0.044159 :       OK
69 :   0.186825,  -0.153697,  15.222014 |   0.363316,  -0.163443,    0.000000 | 3.033632e-05, 6.679872e-05,   0.010551 :       OK
70 :  -0.208739,  -0.447041,  13.132947 |  -0.167487,  -0.795018,    0.000000 | 9.070584e-04, 1.900234e-04,   0.065355 :       OK
71 :  -0.033575,  -0.525836, -18.957252 |  -0.333597,  -0.800997,    0.000000 | 2.179604e-04, 9.140734e-05,   0.015607 :       OK
72 :  -0.504181,   0.333120, -20.019117 |  -0.592306,   0.799651,    0.000000 | 1.014895e-03, 7.499537e-04,   0.072657 :       OK
73 :   0.244331,  -0.067528,  65.751383 |   0.266637,   0.321185,    0.000000 | 5.287075e-04, 4.399966e-04,   0.094410 :       OK
74 :  -0.484951,  -0.135768,  54.976380 |  -0.275235,  -0.782299,    0.000000 | 1.419181e-04, 4.935749e-05,   0.010381 :       OK
75 :  -0.465978,  -0.228558,  86.571700 |   0.329819,  -0.788489,    0.000000 | 6.984610e-05, 2.981001e-05,   0.005091 :       OK
76 :  -0.369290,   0.174453, -16.608260 |  -0.500649,   0.449118,    0.000000 | 4.223358e-04, 4.718811e-04,   0.053948 :       OK
77 :  -0.652684,   0.041194,  41.436674 |  -0.850669,  -0.660446,    0.000000 | 6.672477e-04, 8.574192e-04,   0.057801 :       OK
78 :  -0.477438,  -0.019310,  21.973997 |  -0.717211,  -0.323683,    0.000000 | 5.225768e-04, 1.161637e-03,   0.092749 :       OK
79 :   0.206732,   0.134288,  50.564959 |   0.045450,   0.403404,    0.000000 | 3.748575e-04, 4.266899e-05,   0.053248 :       OK
80 :  -0.417640,  -0.424948, -86.221440 |  -0.743589,   0.640142,    0.000000 | 1.029312e-03, 1.198556e-03,   0.092257 :       OK
81 :   0.215069,  -0.265277,  44.298538 |   0.558574,  -0.065308,    0.000000 | 1.177759e-04, 1.018441e-03,   0.104451 :       OK
82 :   0.229969,  -0.366557,  80.160374 |   0.659470,   0.269978,    0.000000 | 4.440801e-05, 1.096952e-04,   0.009515 :       OK
83 :   0.270268,  -0.412328, -66.516996 |  -0.445421,  -0.678773,    0.000000 | 4.153976e-04, 2.733896e-04,   0.035095 :       OK
84 :   0.194526,   0.179908, -16.821228 |   0.392366,   0.190887,    0.000000 | 1.439683e-04, 2.950078e-04,   0.043104 :       OK
85 :  -0.095482,  -0.167226, -80.300992 |  -0.297935,   0.108595,    0.000000 | 1.398436e-04, 3.823135e-04,   0.073553 :       OK
86 :   0.272819,   0.520619,  56.218179 |  -0.462776,   0.850118,    0.000000 | 1.650553e-03, 9.012884e-04,   0.111322 :       OK
87 :   0.409953,   0.016468,   8.628670 |   0.663384,   0.128096,    0.000000 | 2.285120e-04, 1.175557e-03,   0.101556 :       OK
88 :   0.593868,  -0.059306,  85.894505 |   0.167427,   0.968457,    0.000000 | 1.838186e-04, 3.112740e-05,   0.010869 :       OK
89 :  -0.556213,  -0.520957,  88.182933 |   0.828417,  -0.942691,    0.000000 | 8.636727e-01, 1.865521e+00,  43.182933 : Overflow
90 :   0.024281,  -0.071533, -41.163635 |  -0.047433,  -0.115001,    0.000000 | 2.149606e-04, 8.898308e-05,   0.107154 :       OK
91 :  -0.018290,   0.439438,  40.311261 |  -0.491124,   0.532327,    0.000000 | 5.967803e-04, 5.518361e-04,   0.064300 :       OK
92 :  -0.558354,  -0.295314,   0.181346 |  -0.917932,  -0.489219,    0.000000 | 9.385069e-04, 1.755484e-03,   0.109650 :       OK
93 :  -0.235596,   0.059278, -59.214258 |  -0.114713,   0.383264,    0.000000 | 2.575828e-04, 7.745590e-05,   0.038522 :       OK
94 :  -0.174996,   0.036571, -25.533646 |  -0.234072,   0.178557,    0.000000 | 2.475347e-04, 3.252744e-04,   0.079550 :       OK
95 :  -0.278417,  -0.153346, -11.590820 |  -0.499874,  -0.155255,    0.000000 | 1.101690e-04, 3.562838e-04,   0.040822 :       OK
96 :   0.308843,  -0.351125,  57.677918 |   0.760559,   0.120626,    0.000000 | 1.439028e-04, 9.140001e-04,   0.068843 :       OK
97 :   0.278858,   0.578944,  65.290717 |  -0.674133,   0.815695,    0.000000 | 1.159276e-03, 9.558307e-04,   0.081352 :       OK
98 :   0.415709,  -0.017149,  41.951354 |   0.528005,   0.436634,    0.000000 | 7.020603e-05, 8.559442e-05,   0.009258 :       OK
99 :  -0.123715,  -0.410013, -41.112013 |  -0.597457,  -0.374750,    0.000000 | 4.261361e-04, 6.776840e-04,   0.065036 :       OK
100 :  -0.149380,   0.173187,  45.404913 |  -0.375795,   0.025068,    0.000000 | 1.416972e-05, 2.079771e-04,   0.031712 :       OK
101 :  -0.633056,   0.003525, -62.935559 |  -0.469156,   0.930975,    0.000000 | 7.102423e-04, 3.568374e-04,   0.043684 :       OK
102 :  -0.414885,   0.382161, -65.126874 |   0.283584,   0.884543,    0.000000 | 1.273031e-03, 4.097643e-04,   0.082491 :       OK
103 :  -0.348349,   0.501550, -79.118220 |   0.702787,   0.719255,    0.000000 | 1.085869e-03, 1.058515e-03,   0.086401 :       OK
104 :  -0.161923,  -0.715290,  59.745775 |   0.883130,  -0.823807,    0.000000 | 1.454106e-03, 1.562709e-03,   0.101268 :       OK
105 :   0.305564,   0.295486,  70.139412 |  -0.286702,   0.638574,    0.000000 | 8.376827e-05, 3.711511e-05,   0.007499 :       OK
106 :   0.588056,   0.034255, -13.300749 |   0.955389,  -0.167892,    0.000000 | 2.980605e-04, 1.708635e-03,   0.102446 :       OK
107 :  -0.005161,  -0.423008,  82.181553 |   0.688961,  -0.103180,    0.000000 | 3.204587e-05, 2.107629e-04,   0.017533 :       OK
108 :   0.674674,   0.159292,  36.340456 |   0.739500,   0.869672,    0.000000 | 2.226446e-04, 1.883186e-04,   0.014636 :       OK
109 :   0.116905,  -0.468625, -31.416637 |  -0.237970,  -0.758930,    0.000000 | 1.046826e-03, 3.295658e-04,   0.079059 :       OK
110 :  -0.197161,  -0.309577,   6.322907 |  -0.266557,  -0.542455,    0.000000 | 5.070567e-04, 2.498861e-04,   0.053587 :       OK
111 :  -0.155164,  -0.169076,  72.567950 |   0.189094,  -0.327193,    0.000000 | 9.938759e-05, 5.714169e-05,   0.017381 :       OK
112 :   0.558283,   0.348784,  25.677499 |   0.579693,   0.916006,    0.000000 | 6.885357e-06, 3.541852e-06,   0.000408 :       OK
113 :   0.426395,   0.487209, -73.996312 |   0.964810,  -0.453760,    0.000000 | 8.135725e-04, 1.735505e-03,   0.103003 :       OK
114 :   0.095589,  -0.574394, -58.747830 |  -0.726967,  -0.625303,    0.000000 | 2.156724e-04, 2.497164e-04,   0.019715 :       OK
115 :  -0.451149,  -0.258918, -10.572174 |  -0.808552,  -0.282829,    0.000000 | 2.555556e-04, 7.278820e-04,   0.051600 :       OK
116 :  -0.280621,   0.454090,  23.378683 |  -0.720900,   0.503016,    0.000000 | 6.067634e-04, 8.716859e-04,   0.069225 :       OK
117 :  -0.240527,  -0.624378, -35.356736 |  -0.918022,  -0.609361,    0.000000 | 1.105153e-03, 1.669504e-03,   0.104111 :       OK
118 :   0.082994,  -0.037318,  81.142555 |   0.081765,   0.125579,    0.000000 | 2.115088e-04, 1.380819e-04,   0.096578 :       OK
119 :   0.411599,  -0.115089, -56.931823 |   0.211010,  -0.671426,    0.000000 | 8.100005e-04, 2.535536e-04,   0.069096 :       OK
120 :  -0.669417,   0.237414,  70.633648 |  -0.734396,  -0.910348,    0.000000 | 8.590070e-04, 6.946044e-04,   0.054115 :       OK
121 :   0.429752,   0.340784, -45.024753 |   0.897195,  -0.103985,    0.000000 | 1.778521e-04, 1.551248e-03,   0.099050 :       OK
122 :  -0.136962,   0.129183,  27.187776 |  -0.297824,   0.086176,    0.000000 | 8.489643e-05, 2.946514e-04,   0.056667 :       OK
123 :   0.160871,  -0.528995,   2.279714 |   0.299359,  -0.859900,    0.000000 | 3.684667e-04, 1.289762e-04,   0.024566 :       OK
124 :   0.403442,   0.257146, -10.149952 |   0.728599,   0.299752,    0.000000 | 4.039567e-04, 9.787016e-04,   0.077000 :       OK
125 :  -0.164681,  -0.491604, -29.008878 |  -0.629757,  -0.576478,    0.000000 | 2.514629e-04, 2.756279e-04,   0.025039 :       OK
126 :  -0.525414,  -0.148278,  31.413059 |  -0.611149,  -0.659353,    0.000000 | 9.520112e-04, 8.803583e-04,   0.082638 :       OK
127 :   0.034433,  -0.197443,  25.739736 |   0.192281,  -0.268255,    0.000000 | 2.897151e-04, 2.071680e-04,   0.061829 :       OK
128 :   0.256176,   0.454853, -44.551523 |   0.826110,   0.237820,    0.000000 | 3.112115e-04, 1.085707e-03,   0.075276 :       OK
129 :   0.591125,   0.415885, -70.162652 |   0.974561,  -0.683268,    0.000000 | 1.967551e+00, 5.080278e-01,  25.162652 : Overflow
130 :  -0.626254,  -0.000067, -57.555115 |  -0.553367,   0.870254,    0.000000 | 8.201864e-04, 5.202093e-04,   0.053960 :       OK
131 :  -0.470549,  -0.374910, -58.044165 |  -0.933943,   0.330691,    0.000000 | 7.294235e-05, 2.040432e-04,   0.012531 :       OK
132 :  -0.341989,  -0.099460,  50.662072 |  -0.230317,  -0.539394,    0.000000 | 6.918086e-04, 2.944674e-04,   0.073450 :       OK
133 :  -0.465336,   0.373626,  50.469828 |  -0.962289,  -0.199425,    0.000000 | 1.466485e-04, 7.032559e-04,   0.041884 :       OK
134 :  -0.161605,  -0.491716, -36.038076 |  -0.691582,  -0.498209,    0.000000 | 8.090963e-04, 1.125994e-03,   0.093205 :       OK
135 :   0.604252,  -0.206389, -39.837860 |   0.546337,  -0.898426,    0.000000 | 1.413511e-03, 8.572600e-04,   0.090079 :       OK
136 :   0.237719,  -0.008978,  39.786707 |   0.310276,   0.239151,    0.000000 | 3.441615e-04, 4.475926e-04,   0.082579 :       OK
137 :  -0.467338,   0.157652, -39.480059 |  -0.428943,   0.689698,    0.000000 | 9.934580e-05, 6.117004e-05,   0.008230 :       OK
138 :   0.408082,  -0.235074, -46.875994 |   0.176831,  -0.755107,    0.000000 | 8.287775e-04, 1.930986e-04,   0.062869 :       OK
139 :  -0.117656,   0.639871, -68.671210 |   0.911073,   0.563738,    0.000000 | 1.043435e-03, 1.681556e-03,   0.105833 :       OK
140 :   0.067849,  -0.415616,  48.021022 |   0.583523,  -0.374720,    0.000000 | 2.407134e-04, 3.759270e-04,   0.036881 :       OK
141 :   0.338858,   0.621634, -28.862194 |   0.982839,   0.627166,    0.000000 | 1.972979e+00, 6.891990e-02,   3.608998 : Overflow
142 :   0.104737,   0.218405, -62.155286 |   0.398578,   0.015482,    0.000000 | 1.978846e-05, 4.950132e-04,   0.071162 :       OK
143 :   0.504065,   0.301739, -32.033200 |   0.967244,  -0.019045,    0.000000 | 2.807565e-05, 1.517627e-03,   0.089896 :       OK
144 :   0.060592,  -0.141196,  55.389643 |   0.248043,  -0.049944,    0.000000 | 3.876542e-05, 1.937274e-04,   0.044739 :       OK
145 :   0.145080,  -0.429281,  -6.513232 |   0.157182,  -0.729461,    0.000000 | 2.557947e-04, 5.564971e-05,   0.020100 :       OK
146 :  -0.185385,  -0.100072, -52.838887 |  -0.315742,   0.143748,    0.000000 | 2.232251e-04, 4.918623e-04,   0.089207 :       OK
147 :  -0.039122,   0.011225,  -7.814746 |  -0.061314,   0.027073,    0.000000 | 1.007670e-05, 2.270514e-05,   0.021235 :       OK
148 :  -0.422607,   0.455236,  15.378373 |  -0.869820,   0.538268,    0.000000 | 5.335788e-04, 8.644356e-04,   0.056901 :       OK
149 :   0.601333,  -0.068057, -20.690512 |   0.886785,  -0.454721,    0.000000 | 5.782068e-04, 1.124457e-03,   0.072694 :       OK
150 :   0.135093,  -0.558714,  26.649648 |   0.611515,  -0.722542,    0.000000 | 9.658177e-04, 8.155141e-04,   0.076513 :       OK
151 :  -0.443380,  -0.080483,  49.653470 |  -0.371687,  -0.642277,    0.000000 | 3.251432e-04, 1.888162e-04,   0.029030 :       OK
152 :   0.128608,  -0.404719, -42.433248 |  -0.293378,  -0.634800,    0.000000 | 4.827093e-04, 2.223756e-04,   0.043544 :       OK
153 :  -0.261207,  -0.200697,  56.820238 |   0.041210,  -0.540885,    0.000000 | 4.071985e-04, 3.052575e-05,   0.043130 :       OK
154 :  -0.319469,   0.349993, -31.994916 |  -0.140795,   0.767548,    0.000000 | 6.912609e-04, 1.276272e-04,   0.051612 :       OK
155 :   0.067901,   0.125781,  46.124117 |  -0.071809,   0.224164,    0.000000 | 3.111467e-04, 9.927801e-05,   0.079499 :       OK
156 :  -0.098673,   0.097833, -77.730439 |   0.122897,   0.193016,    0.000000 | 1.129950e-04, 7.172685e-05,   0.033513 :       OK
157 :  -0.474575,   0.616589,  12.946617 |  -0.989132,   0.814471,    0.000000 | 1.897968e+00, 6.724563e-01,  32.053383 : Overflow
158 :   0.577610,  -0.094322,  28.042310 |   0.912538,   0.310084,    0.000000 | 5.288149e-04, 1.550004e-03,   0.097361 :       OK
159 :  -0.080978,   0.431028, -43.622815 |   0.393163,   0.605822,    0.000000 | 1.148976e-03, 7.477538e-04,   0.108755 :       OK
160 :   0.575564,  -0.186357,   8.135589 |   0.981706,  -0.169665,    0.000000 | 2.289135e-04, 1.315549e-03,   0.076795 :       OK
161 :  -0.428012,  -0.154921,  -6.759928 |  -0.729964,  -0.170379,    0.000000 | 1.284988e-04, 5.475096e-04,   0.042987 :       OK
162 :   0.434616,  -0.474666,  20.225817 |   0.941813,  -0.486027,    0.000000 | 1.928883e+00, 2.136497e-01,  12.245375 : Overflow
163 :   0.532876,   0.066033,  67.339289 |   0.237738,   0.851672,    0.000000 | 1.606393e-03, 4.461973e-04,   0.108031 :       OK
164 :  -0.616909,  -0.081363,  67.168275 |  -0.270709,  -0.988294,    0.000000 | 9.532871e-04, 2.599510e-04,   0.055249 :       OK
165 :  -0.348989,  -0.451372,  80.796126 |   0.641809,  -0.686192,    0.000000 | 3.113906e-04, 2.922009e-04,   0.026040 :       OK
166 :   0.301245,  -0.047831,  86.092300 |   0.112391,   0.489557,    0.000000 | 3.152413e-04, 7.193767e-05,   0.036883 :       OK
167 :  -0.133880,  -0.058189, -58.971555 |  -0.195756,   0.139527,    0.000000 | 4.766887e-05, 6.716645e-05,   0.019631 :       OK
168 :   0.167927,   0.500013, -54.607917 |   0.831404,   0.251454,    0.000000 | 3.029100e-04, 9.974695e-04,   0.068764 :       OK
169 :  -0.089793,  -0.374308, -80.535641 |  -0.632320,   0.044498,    0.000000 | 4.948896e-05, 6.920860e-04,   0.062716 :       OK
170 :   0.243225,   0.212796, -36.125430 |   0.530117,   0.046911,    0.000000 | 4.451935e-06, 5.416879e-05,   0.005851 :       OK
171 :  -0.076484,   0.108778,  87.669017 |  -0.184105,  -0.118560,    0.000000 | 5.539300e-05, 8.571569e-05,   0.026703 :       OK
172 :   0.133831,   0.200131,  61.739715 |  -0.185938,   0.350161,    0.000000 | 6.311105e-04, 3.341097e-04,   0.103198 :       OK
173 :   0.346995,  -0.452607,  -8.023343 |   0.461794,  -0.817795,    0.000000 | 5.063850e-04, 2.850555e-04,   0.035451 :       OK
174 :  -0.091561,   0.440105,  17.781980 |  -0.364911,   0.644076,    0.000000 | 1.223229e-03, 6.909648e-04,   0.108737 :       OK
175 :   0.415771,   0.473797, -65.175234 |   0.995591,  -0.293833,    0.000000 | 1.980320e+00, 1.367206e-01,   7.646426 : Overflow
176 :  -0.188122,  -0.067110, -71.455658 |  -0.203301,   0.258559,    0.000000 | 8.635099e-05, 6.760886e-05,   0.019104 :       OK
177 :  -0.240281,   0.415225,  20.144903 |  -0.606969,   0.505673,    0.000000 | 4.695442e-04, 5.622906e-04,   0.053129 :       OK
178 :  -0.054740,  -0.347551,  -4.971099 |  -0.139399,  -0.562370,    0.000000 | 4.369571e-04, 1.077540e-04,   0.044505 :       OK
179 :  -0.067871,   0.009182,  51.755696 |  -0.081061,  -0.078420,    0.000000 | 1.354872e-04, 1.397055e-04,   0.098865 :       OK
180 :  -0.278446,   0.064365, -50.301257 |  -0.211336,   0.420506,    0.000000 | 3.939054e-05, 2.013263e-05,   0.005385 :       OK
181 :  -0.295343,   0.098112,  46.993522 |  -0.449886,  -0.245462,    0.000000 | 2.336748e-04, 4.294500e-04,   0.054659 :       OK
182 :  -0.105936,  -0.188105, -36.561696 |  -0.324644,  -0.144889,    0.000000 | 4.328761e-05, 9.758642e-05,   0.017205 :       OK
183 :   0.091393,   0.347518, -75.556929 |   0.591730,  -0.003009,    0.000000 | 3.903751e-06, 1.011672e-03,   0.097957 :       OK
184 :   0.485801,   0.421381,  12.268357 |   0.634278,   0.848058,    0.000000 | 5.143688e-04, 3.836219e-04,   0.034716 :       OK
185 :  -0.240833,  -0.178563,  37.799678 |  -0.133148,  -0.475419,    0.000000 | 8.438766e-04, 2.374734e-04,   0.101737 :       OK
186 :   0.223479,   0.105951,   7.587184 |   0.341758,   0.221540,    0.000000 | 9.685891e-05, 1.488724e-04,   0.024986 :       OK
187 :  -0.099172,   0.183552, -81.712435 |   0.275570,   0.205176,    0.000000 | 1.758317e-05, 2.398541e-05,   0.004960 :       OK
188 :   0.202941,   0.306638, -30.106626 |   0.542403,   0.269202,    0.000000 | 2.171571e-04, 4.388529e-04,   0.046330 :       OK
189 :   0.443547,   0.472406, -84.897503 |   0.839818,  -0.658333,    0.000000 | 5.496337e-04, 7.028587e-04,   0.047908 :       OK
190 :   0.066859,   0.552429,  62.346250 |  -0.754699,   0.519749,    0.000000 | 3.482070e-04, 5.042235e-04,   0.038314 :       OK
191 :   0.489431,   0.142698,  41.635661 |   0.446248,   0.711110,    0.000000 | 1.026231e-03, 6.423379e-04,   0.082626 :       OK
192 :   0.162100,  -0.447043, -42.557731 |  -0.301270,  -0.722802,    0.000000 | 7.034026e-04, 2.941258e-04,   0.055784 :       OK
193 :  -0.239212,  -0.270717,  80.770868 |   0.376856,  -0.460325,    0.000000 | 4.117465e-04, 3.378830e-04,   0.051298 :       OK
194 :  -0.018389,   0.057019,  56.264764 |  -0.094903,   0.026962,    0.000000 | 3.034258e-05, 1.072623e-04,   0.064737 :       OK
195 :  -0.450832,   0.165315, -82.320560 |   0.170584,   0.772133,    0.000000 | 9.063269e-04, 2.013043e-04,   0.067270 :       OK
196 :  -0.406497,   0.183508, -44.380499 |  -0.267069,   0.684175,    0.000000 | 2.687484e-04, 1.043455e-04,   0.022490 :       OK
197 :  -0.232700,   0.507743,   2.593133 |  -0.420639,   0.817937,    0.000000 | 9.290577e-04, 4.764603e-04,   0.065042 :       OK
198 :   0.204761,  -0.649851, -54.119805 |  -0.669456,  -0.900414,    0.000000 | 4.448112e-04, 3.296573e-04,   0.028272 :       OK
199 :  -0.107432,  -0.418973, -43.771198 |  -0.605044,  -0.375832,    0.000000 | 2.604633e-04, 4.181339e-04,   0.039627 :       OK
200 :  -0.494484,   0.062646,  87.835678 |  -0.133842,  -0.809820,    0.000000 | 1.185393e-03, 1.944950e-04,   0.083852 :       OK
201 :   0.061647,   0.292613,  40.774878 |  -0.237822,   0.431206,    0.000000 | 3.631944e-04, 2.008693e-04,   0.048290 :       OK
202 :  -0.005170,   0.141981, -63.764830 |   0.205960,   0.110993,    0.000000 | 2.118900e-04, 3.944020e-04,   0.109642 :       OK
203 :   0.683819,  -0.082756, -21.460758 |   0.998153,  -0.538825,    0.000000 | 1.986573e+00, 2.605811e-02,   1.480827 : Overflow
204 :  -0.140865,  -0.095226,  23.062204 |  -0.152003,  -0.235152,    0.000000 | 2.539302e-04, 1.645473e-04,   0.061916 :       OK
205 :  -0.059920,  -0.567000, -21.825299 |  -0.438735,  -0.830101,    0.000000 | 8.100977e-04, 4.293441e-04,   0.055949 :       OK
206 :   0.330176,  -0.407941,   5.296141 |   0.603407,  -0.618727,    0.000000 | 8.420143e-04, 8.230562e-04,   0.078060 :       OK
207 :  -0.315379,  -0.208699, -17.852276 |  -0.599706,  -0.167914,    0.000000 | 1.306188e-04, 4.686805e-04,   0.044762 :       OK
208 :   0.250890,  -0.423637,  38.382318 |   0.757028,  -0.290330,    0.000000 | 6.671999e-05, 1.724753e-04,   0.013068 :       OK
209 :  -0.319734,  -0.387144, -17.777416 |  -0.696036,  -0.446332,    0.000000 | 8.131003e-04, 1.264490e-03,   0.104174 :       OK
210 :   0.542068,  -0.253443,  20.125931 |   0.981757,  -0.084726,    0.000000 | 5.130900e-05, 5.851947e-04,   0.034156 :       OK
211 :  -0.350892,  -0.326923,  52.141586 |   0.070430,  -0.786618,    0.000000 | 8.679567e-04, 7.672607e-05,   0.063214 :       OK
212 :   0.254974,  -0.403557, -54.144389 |  -0.292681,  -0.729575,    0.000000 | 6.733665e-04, 2.692335e-04,   0.052857 :       OK
213 :   0.156414,  -0.517438, -45.645077 |  -0.429197,  -0.779874,    0.000000 | 6.546775e-04, 3.592919e-04,   0.048067 :       OK
214 :  -0.235858,   0.552120, -21.817742 |  -0.022668,   0.988434,    0.000000 | 1.095602e-03, 2.388737e-05,   0.063506 :       OK
215 :   0.331360,   0.090472, -27.090555 |   0.553652,  -0.115858,    0.000000 | 1.403783e-04, 6.746307e-04,   0.069799 :       OK
216 :   0.500577,  -0.057208,  65.022871 |   0.433476,   0.707455,    0.000000 | 4.603855e-04, 2.829147e-04,   0.037316 :       OK
217 :   0.364037,  -0.079670,  -5.969067 |   0.582588,  -0.192827,    0.000000 | 2.585712e-04, 7.782363e-04,   0.076566 :       OK
218 :   0.003228,   0.025092, -41.238426 |   0.031236,   0.027569,    0.000000 | 1.554552e-05, 1.766380e-05,   0.032363 :       OK
219 :   0.643304,  -0.370120, -20.987954 |   0.770779,  -0.948498,    0.000000 | 4.975953e-01, 1.935074e+00,  24.012046 : Overflow
220 :   0.556588,  -0.007729,  60.629271 |   0.460631,   0.792513,    0.000000 | 1.531550e-03, 8.928367e-04,   0.110809 :       OK
221 :  -0.354499,   0.101295, -64.981198 |  -0.095731,   0.599545,    0.000000 | 4.565197e-05, 6.896316e-06,   0.004357 :       OK
222 :  -0.631047,  -0.013835, -42.901444 |  -0.776738,   0.690725,    0.000000 | 7.720005e-04, 8.701063e-04,   0.064119 :       OK
223 :  -0.101801,   0.260747,  15.301630 |  -0.275014,   0.369924,    0.000000 | 5.826733e-04, 4.321026e-04,   0.090168 :       OK
224 :   0.442392,   0.251413,  -7.693611 |   0.777382,   0.312760,    0.000000 | 4.458435e-04, 1.104473e-03,   0.081442 :       OK
225 :   0.003753,  -0.502490,  56.650209 |   0.694617,  -0.449744,    0.000000 | 7.620285e-04, 1.173788e-03,   0.096897 :       OK
226 :  -0.439951,  -0.005796,   1.055525 |  -0.724194,  -0.022890,    0.000000 | 3.615485e-05, 1.189365e-03,   0.094095 :       OK
227 :  -0.118837,   0.087381,  87.358865 |  -0.152760,  -0.188858,    0.000000 | 3.643152e-04, 2.954618e-04,   0.110642 :       OK
228 :   0.161462,  -0.359584,  12.978141 |   0.392082,  -0.517309,    0.000000 | 3.320662e-05, 2.464897e-05,   0.003650 :       OK
229 :   0.122668,  -0.135597,  76.490268 |   0.264308,   0.144251,    0.000000 | 2.213837e-04, 4.045014e-04,   0.087743 :       OK
230 :   0.254604,  -0.041267,  -4.780127 |   0.412151,  -0.102659,    0.000000 | 1.379409e-04, 5.565134e-04,   0.077343 :       OK
231 :   0.104402,  -0.248974,  24.355489 |   0.325708,  -0.302610,    0.000000 | 6.602896e-05, 7.063814e-05,   0.012461 :       OK
232 :   0.071219,  -0.151411, -35.980118 |  -0.051580,  -0.270672,    0.000000 | 3.385557e-04, 6.411865e-05,   0.071650 :       OK
233 :  -0.079675,   0.196752,  89.111215 |  -0.326000,  -0.126164,    0.000000 | 1.594903e-04, 4.135102e-04,   0.072644 :       OK
234 :   0.324242,  -0.117623, -85.562832 |  -0.151808,  -0.547334,    0.000000 | 3.994861e-04, 1.102682e-04,   0.041805 :       OK
235 :  -0.020491,  -0.235056, -16.422697 |  -0.141804,  -0.361748,    0.000000 | 5.823626e-04, 2.274778e-04,   0.092195 :       OK
236 :  -0.324072,   0.453781,  37.894561 |  -0.880121,   0.261916,    0.000000 | 1.230748e-04, 4.159767e-04,   0.027067 :       OK
237 :  -0.437673,  -0.106187,  21.555672 |  -0.606088,  -0.427440,    0.000000 | 7.679982e-04, 1.086096e-03,   0.102763 :       OK
238 :  -0.121734,  -0.437208, -70.505244 |  -0.745602,  -0.051296,    0.000000 | 6.540958e-05, 9.668155e-04,   0.074289 :       OK
239 :   0.356620,  -0.579056, -89.635771 |  -0.949813,  -0.593317,    0.000000 | 7.569772e-04, 1.214879e-03,   0.073233 :       OK
240 :  -0.324652,  -0.085500, -84.200162 |  -0.194103,   0.517659,    0.000000 | 1.984813e-04, 7.484060e-05,   0.021984 :       OK
241 :   0.256308,   0.427073,  36.128032 |  -0.073739,   0.816900,    0.000000 | 4.626869e-05, 4.700941e-06,   0.003248 :       OK
242 :   0.269857,  -0.075894, -77.161735 |  -0.023111,  -0.461050,    0.000000 | 7.047341e-04, 3.615986e-05,   0.087584 :       OK
243 :  -0.363936,   0.250892,  14.140857 |  -0.682092,   0.254223,    0.000000 | 2.111425e-04, 5.644640e-04,   0.047436 :       OK
244 :   0.305284,  -0.534838,  38.968383 |   0.944766,  -0.368615,    0.000000 | 4.636942e-04, 1.192447e-03,   0.072285 :       OK
245 :   0.163115,   0.463422, -32.932942 |   0.640337,   0.494481,    0.000000 | 5.699598e-04, 7.398024e-04,   0.066138 :       OK
246 :   0.390844,  -0.147479, -67.940879 |   0.016638,  -0.687720,    0.000000 | 5.513775e-04, 1.399879e-05,   0.045938 :       OK
247 :  -0.214280,   0.179701, -39.079896 |  -0.087369,   0.452166,    0.000000 | 3.095016e-04, 6.021016e-05,   0.039228 :       OK
248 :   0.019795,  -0.527045,  -0.551029 |   0.024249,  -0.868190,    0.000000 | 5.488737e-04, 1.605671e-05,   0.036224 :       OK
249 :  -0.059793,   0.050365, -39.771657 |  -0.022621,   0.126738,    0.000000 | 1.493407e-04, 2.683005e-05,   0.067528 :       OK
250 :   0.228885,  -0.066357, -62.194018 |   0.079168,  -0.384371,    0.000000 | 7.370278e-04, 1.527945e-04,   0.109893 :       OK
251 :  -0.463752,   0.291600,  -6.166504 |  -0.707689,   0.559450,    0.000000 | 1.005507e-03, 1.268668e-03,   0.102816 :       OK
252 :  -0.037218,  -0.122764, -21.000374 |  -0.129668,  -0.166770,    0.000000 | 3.900443e-05, 3.014935e-05,   0.013371 :       OK
253 :   0.267271,  -0.453917,   1.334146 |   0.457416,  -0.737042,    0.000000 | 9.628756e-04, 5.990937e-04,   0.074905 :       OK
254 :  -0.358739,  -0.205360, -27.260738 |  -0.680042,  -0.030026,    0.000000 | 8.999842e-06, 1.933891e-04,   0.016295 :       OK
255 :   0.454226,  -0.024999,   4.719631 |   0.748852,   0.020517,    0.000000 | 5.522621e-06, 2.202052e-04,   0.016847 :       OK
256 :  -0.461847,  -0.026521,  31.500782 |  -0.625651,  -0.434633,    0.000000 | 3.817778e-05, 5.581097e-05,   0.005086 :       OK
257 :   0.658016,   0.040781,  46.700272 |   0.694270,   0.834671,    0.000000 | 4.264337e-01, 1.827257e+00,  24.864779 : Overflow
258 :   0.258807,  -0.391474,  22.576979 |   0.641034,  -0.431633,    0.000000 | 1.835166e-04, 2.715425e-04,   0.024299 :       OK
259 :  -0.011844,   0.413721,  28.541402 |  -0.342655,   0.589183,    0.000000 | 4.715692e-04, 2.750088e-04,   0.045890 :       OK
260 :   0.107399,  -0.306506,  81.395372 |   0.525522,   0.099353,    0.000000 | 1.714106e-04, 9.006100e-04,   0.098213 :       OK
261 :   0.251509,   0.177337, -82.112948 |   0.346103,  -0.370185,    0.000000 | 3.303224e-04, 3.081177e-04,   0.051071 :       OK
262 :   0.043723,   0.339420, -21.994086 |   0.276092,   0.491299,    0.000000 | 9.508810e-04, 5.359841e-04,   0.110974 :       OK
263 :   0.374531,   0.405864,  39.935317 |   0.043879,   0.908392,    0.000000 | 1.169290e-04, 6.234197e-06,   0.007377 :       OK
264 :  -0.026956,   0.404610, -42.946678 |   0.421466,   0.517964,    0.000000 | 9.896010e-04, 8.031205e-04,   0.109353 :       OK
265 :  -0.417390,  -0.149607, -45.085940 |  -0.659764,   0.312806,    0.000000 | 3.472307e-04, 7.302384e-04,   0.063450 :       OK
266 :  -0.285464,   0.317102,  81.205726 |  -0.587923,  -0.384728,    0.000000 | 4.308094e-04, 6.567246e-04,   0.064048 :       OK
267 :  -0.303180,   0.607029, -61.026177 |   0.632670,   0.921009,    0.000000 | 9.667307e-04, 6.624701e-04,   0.060093 :       OK
268 :   0.249995,   0.380367,  -0.517132 |   0.417319,   0.622632,    0.000000 | 2.554478e-05, 1.654675e-05,   0.002326 :       OK
269 :  -0.193593,  -0.094504, -15.275492 |  -0.348539,  -0.066136,    0.000000 | 7.434811e-05, 3.894182e-04,   0.064030 :       OK
270 :  -0.297415,  -0.481382, -10.773757 |  -0.629323,  -0.687194,    0.000000 | 3.529453e-04, 3.222522e-04,   0.029387 :       OK
271 :  -0.553661,   0.050054,  44.986632 |  -0.703123,  -0.586254,    0.000000 | 8.982627e-04, 1.074749e-03,   0.087665 :       OK
272 :   0.331043,  -0.246953, -45.180932 |   0.095791,  -0.673346,    0.000000 | 3.706117e-04, 5.326346e-05,   0.031542 :       OK
273 :   0.377433,   0.553647, -81.256351 |   0.995612,  -0.475724,    0.000000 | 1.976424e+00, 1.863978e-01,   9.691300 : Overflow
274 :  -0.653288,   0.160448,  72.070141 |  -0.582578,  -0.942221,    0.000000 | 2.401887e-01, 1.900683e+00,  13.531153 : Overflow
275 :  -0.489440,  -0.447155,  14.117330 |  -0.602045,  -0.910705,    0.000000 | 3.795897e-04, 2.518828e-04,   0.023909 :       OK
276 :   0.243375,   0.326517,  70.423390 |  -0.372326,   0.557777,    0.000000 | 6.592325e-04, 4.389731e-04,   0.067666 :       OK
277 :   0.561469,   0.336766, -88.315240 |   0.581516,  -0.907901,    0.000000 | 8.229762e-04, 5.257822e-04,   0.051898 :       OK
278 :   0.073963,   0.234095,  -6.114714 |   0.162169,   0.370331,    0.000000 | 4.467201e-04, 1.950175e-04,   0.069080 :       OK
279 :   0.032154,  -0.048609, -82.486126 |  -0.072436,  -0.062963,    0.000000 | 1.081715e-04, 1.241373e-04,   0.098296 :       OK
280 :   0.038960,   0.575786, -12.687637 |   0.270845,   0.910937,    0.000000 | 1.001993e-03, 2.991492e-04,   0.063044 :       OK
281 :  -0.163351,  -0.521902, -80.162617 |  -0.892770,   0.118207,    0.000000 | 2.367303e-05, 1.832995e-04,   0.011759 :       OK
282 :  -0.388917,   0.453030,  58.303420 |  -0.971263,  -0.152944,    0.000000 | 6.046808e-05, 3.885244e-04,   0.022913 :       OK
283 :  -0.186351,   0.341339, -21.092015 |  -0.084033,   0.634879,    0.000000 | 1.163416e-03, 1.554879e-04,   0.105012 :       OK
284 :  -0.276594,  -0.399284,  51.251880 |   0.227721,  -0.766778,    0.000000 | 9.201963e-04, 2.721521e-04,   0.068736 :       OK
285 :  -0.292204,  -0.502949, -70.329821 |  -0.941876,   0.174323,    0.000000 | 7.950299e-05, 4.256790e-04,   0.025903 :       OK
286 :  -0.274739,  -0.470147,   8.358359 |  -0.335080,  -0.831763,    0.000000 | 1.099212e-03, 4.442842e-04,   0.075754 :       OK
287 :   0.084654,   0.051249, -63.336612 |   0.137978,  -0.086709,    0.000000 | 1.368427e-04, 2.171799e-04,   0.090252 :       OK
288 :   0.581917,   0.093498, -44.199387 |   0.794346,  -0.557687,    0.000000 | 1.961498e-04, 2.805677e-04,   0.020209 :       OK
289 :  -0.150414,   0.154167,  76.081528 |  -0.306002,  -0.179355,    0.000000 | 1.532622e-04, 2.607828e-04,   0.048862 :       OK
290 :   0.063188,  -0.134529, -37.407598 |  -0.051925,  -0.239186,    0.000000 | 2.776757e-04, 6.060859e-05,   0.066532 :       OK
291 :  -0.503073,   0.306499,  -0.796945 |  -0.821341,   0.516204,    0.000000 | 5.245560e-04, 8.367334e-04,   0.058328 :       OK
292 :  -0.183658,   0.202067,  23.462831 |  -0.409923,   0.184825,    0.000000 | 4.841085e-05, 1.066360e-04,   0.014922 :       OK
293 :   0.284058,  -0.134870, -70.235683 |  -0.050836,  -0.515322,    0.000000 | 9.334361e-04, 9.089821e-05,   0.103771 :       OK
294 :   0.138161,   0.605365,  44.853014 |  -0.541806,   0.867180,    0.000000 | 3.673000e-05, 2.217849e-05,   0.002404 :       OK
295 :   0.371820,   0.114889,  45.085004 |   0.298339,   0.567184,    0.000000 | 6.377504e-04, 3.345392e-04,   0.064386 :       OK
296 :   0.073046,  -0.803056,  39.231144 |   0.929554,  -0.948287,    0.000000 | 4.184576e-01, 1.780226e+00,  20.796195 : Overflow
297 :  -0.411314,  -0.122854,  85.750324 |   0.151562,  -0.690466,    0.000000 | 8.288526e-04, 1.809566e-04,   0.068762 :       OK
298 :   0.507113,  -0.395426,   2.535915 |   0.863088,  -0.613585,    0.000000 | 8.434938e-05, 1.174695e-04,   0.007824 :       OK
299 :  -0.005875,   0.248467,  27.566386 |  -0.197928,   0.358239,    0.000000 | 6.139748e-04, 3.382405e-04,   0.098131 :       OK
300 :  -0.368672,   0.012589, -64.153014 |  -0.246026,   0.555419,    0.000000 | 5.302846e-04, 2.356173e-04,   0.054731 :       OK
301 :   0.484380,   0.120041, -19.200974 |   0.818299,  -0.075654,    0.000000 | 5.181490e-06, 6.173028e-05,   0.004319 :       OK
302 :   0.040229,   0.710229, -41.838665 |   0.829505,   0.827176,    0.000000 | 4.140474e-01, 1.781947e+00,  23.403716 : Overflow
303 :  -0.437935,   0.197366,  28.822233 |  -0.788522,  -0.062922,    0.000000 | 1.170417e-05, 1.532007e-04,   0.011129 :       OK
304 :  -0.417396,  -0.133447,  29.616229 |  -0.488951,  -0.530726,    0.000000 | 8.264119e-04, 7.595522e-04,   0.089120 :       OK
305 :  -0.456722,   0.361838,  84.664123 |  -0.663220,  -0.693442,    0.000000 | 4.632570e-04, 4.442079e-04,   0.038324 :       OK
306 :  -0.327738,  -0.457522, -71.535376 |  -0.885577,   0.273297,    0.000000 | 2.880683e-04, 9.371897e-04,   0.060614 :       OK
307 :  -0.242542,  -0.493424,  79.683106 |   0.727882,  -0.538473,    0.000000 | 1.886943e-04, 2.561292e-04,   0.020132 :       OK
308 :   0.118685,   0.444926,  30.330703 |  -0.201305,   0.731098,    0.000000 | 5.875725e-04, 1.625400e-04,   0.046063 :       OK
309 :  -0.044877,  -0.491679, -82.364425 |  -0.812318,  -0.034337,    0.000000 | 1.344291e-05, 3.318598e-04,   0.023406 :       OK
310 :   0.257414,   0.040847,  -7.867337 |   0.429117,   0.008609,    0.000000 | 5.048647e-06, 2.348384e-04,   0.031357 :       OK
311 :  -0.187736,  -0.475864, -79.862785 |  -0.825815,   0.166406,    0.000000 | 1.876821e-04, 9.260093e-04,   0.064262 :       OK
312 :   0.142014,   0.607109, -30.319611 |   0.706580,   0.744959,    0.000000 | 7.423276e-04, 7.056873e-04,   0.057155 :       OK
313 :  -0.610918,  -0.115718, -73.708671 |  -0.465122,   0.912184,    0.000000 | 6.232576e-04, 3.187986e-04,   0.039173 :       OK
314 :   0.078659,   0.617503,  74.119065 |  -0.942622,   0.402847,    0.000000 | 1.438234e-05, 3.199572e-05,   0.001960 :       OK
315 :  -0.223712,   0.321970, -61.229428 |   0.287443,   0.578113,    0.000000 | 4.092209e-04, 2.028287e-04,   0.040532 :       OK
316 :   0.029751,  -0.186747,  12.290675 |   0.113333,  -0.290049,    0.000000 | 6.269440e-05, 2.471667e-05,   0.012399 :       OK
317 :   0.185447,   0.380025, -31.833160 |   0.589534,   0.370605,    0.000000 | 7.109746e-04, 1.134221e-03,   0.110144 :       OK
318 :   0.546847,   0.249578, -72.057141 |   0.668430,  -0.730113,    0.000000 | 5.845251e-04, 5.338603e-04,   0.045821 :       OK
319 :  -0.417687,  -0.199159,   0.613200 |  -0.684280,  -0.335310,    0.000000 | 5.743848e-04, 1.175824e-03,   0.098394 :       OK
320 :  -0.253871,   0.544665, -43.756517 |   0.318351,   0.936973,    0.000000 | 4.081793e-04, 1.379221e-04,   0.024946 :       OK
321 :   0.693766,  -0.277012,  59.452915 |   0.973515,   0.752058,    0.000000 | 7.010887e-04, 9.096935e-04,   0.053492 :       OK
322 :  -0.504432,  -0.209922, -31.423157 |  -0.889079,   0.138086,    0.000000 | 1.761024e-04, 1.125430e-03,   0.072540 :       OK
323 :  -0.032920,  -0.579910, -30.897288 |  -0.536897,  -0.791614,    0.000000 | 1.009699e-03, 6.831358e-04,   0.073024 :       OK
324 :  -0.257455,  -0.531043,  20.014192 |  -0.099063,  -0.966791,    0.000000 | 1.309251e-03, 1.326351e-04,   0.077582 :       OK
325 :   0.201687,  -0.466006, -29.079242 |  -0.082706,  -0.832090,    0.000000 | 6.583206e-04, 6.463759e-05,   0.045325 :       OK
326 :  -0.006844,   0.358071, -71.865297 |   0.556859,   0.194243,    0.000000 | 4.659517e-05, 1.347688e-04,   0.013853 :       OK
327 :  -0.477129,  -0.183854,  40.235232 |  -0.404252,  -0.738646,    0.000000 | 1.075555e-03, 5.902669e-04,   0.083483 :       OK
328 :  -0.449695,  -0.306569,  22.236342 |  -0.494419,  -0.747542,    0.000000 | 1.208168e-03, 7.969896e-04,   0.092527 :       OK
329 :   0.099538,  -0.070411, -87.568000 |  -0.108891,  -0.168687,    0.000000 | 2.831273e-04, 1.822757e-04,   0.096090 :       OK
330 :  -0.205623,   0.537617, -50.998826 |   0.474916,   0.820315,    0.000000 | 5.658588e-04, 3.266434e-04,   0.039494 :       OK
331 :   0.162078,  -0.051348, -57.182859 |   0.073588,  -0.270134,    0.000000 | 1.974738e-04, 5.353141e-05,   0.041870 :       OK
332 :   0.293497,  -0.048644,  61.014913 |   0.304279,   0.383964,    0.000000 | 3.269242e-04, 2.597022e-04,   0.048830 :       OK
333 :  -0.136238,  -0.152478, -18.361130 |  -0.292026,  -0.167640,    0.000000 | 4.838673e-05, 8.383200e-05,   0.016470 :       OK
334 :   0.026770,  -0.641534, -47.835191 |  -0.753468,  -0.741836,    0.000000 | 1.471193e-05, 1.398424e-05,   0.001099 :       OK
335 :   0.534695,  -0.340249,   4.891143 |   0.925082,  -0.483193,    0.000000 | 2.982027e-04, 5.727825e-04,   0.035451 :       OK
336 :  -0.285579,   0.524734, -70.507336 |   0.657658,   0.731668,    0.000000 | 9.210210e-04, 8.297482e-04,   0.072197 :       OK
337 :  -0.597074,  -0.527428,   3.456139 |  -0.929090,  -0.926241,    0.000000 | 8.594435e-01, 1.801739e+00,  41.543861 : Overflow
338 :  -0.398015,  -0.205387, -35.566774 |  -0.729884,   0.106111,    0.000000 | 1.944648e-04, 1.349647e-03,   0.105928 :       OK
339 :  -0.091972,   0.601618,  45.794235 |  -0.815789,   0.582198,    0.000000 | 2.695558e-04, 3.789893e-04,   0.026587 :       OK
340 :  -0.160775,  -0.006509, -86.130202 |  -0.028562,   0.263431,    0.000000 | 4.664951e-06, 6.754311e-07,   0.001019 :       OK
341 :   0.626657,   0.276195, -81.619504 |   0.600374,  -0.954645,    0.000000 | 1.632287e-03, 1.023750e-03,   0.097891 :       OK
342 :   0.099776,  -0.090523, -80.579944 |  -0.120166,  -0.186490,    0.000000 | 5.984824e-05, 3.874489e-05,   0.018413 :       OK
343 :  -0.400298,  -0.031890, -70.287256 |  -0.271788,   0.602850,    0.000000 | 7.207678e-04, 3.239726e-04,   0.068468 :       OK
344 :   0.271042,   0.479710, -35.817638 |   0.824226,   0.379370,    0.000000 | 5.998460e-04, 1.307346e-03,   0.090830 :       OK
345 :   0.030816,   0.523547,  -5.543622 |   0.133796,   0.853222,    0.000000 | 8.098142e-04, 1.279391e-04,   0.054391 :       OK
346 :   0.365888,   0.344996,  81.097321 |  -0.468036,   0.683192,    0.000000 | 6.127055e-04, 4.187049e-04,   0.051344 :       OK
347 :   0.125782,  -0.616697,  30.732761 |   0.697025,  -0.767077,    0.000000 | 1.223714e-03, 1.114637e-03,   0.091503 :       OK
348 :  -0.523554,   0.238472, -13.685996 |  -0.744773,   0.585546,    0.000000 | 4.101342e-04, 5.230145e-04,   0.040196 :       OK
349 :   0.187125,  -0.336609,  89.942953 |   0.554621,   0.307597,    0.000000 | 5.406340e-05, 9.833241e-05,   0.010138 :       OK
350 :  -0.003345,  -0.034139,  53.672343 |   0.042030,  -0.037742,    0.000000 | 1.810369e-05, 2.009643e-05,   0.027435 :       OK
351 :   0.152410,   0.466666, -23.421609 |   0.535772,   0.605404,    0.000000 | 2.774934e-04, 2.463764e-04,   0.026300 :       OK
352 :   0.551589,   0.329376,  24.215761 |   0.605928,   0.867251,    0.000000 | 1.460086e-03, 1.022781e-03,   0.096545 :       OK
353 :  -0.469259,   0.175350,  85.678428 |  -0.346169,  -0.748800,    0.000000 | 4.118195e-05, 1.845830e-05,   0.003134 :       OK
354 :  -0.209902,  -0.412704,  49.753552 |   0.295417,  -0.702921,    0.000000 | 1.161200e-03, 4.896742e-04,   0.094699 :       OK
355 :   0.007699,  -0.168875, -22.439880 |  -0.094434,  -0.261879,    0.000000 | 5.076273e-04, 1.823083e-04,   0.111011 :       OK
356 :  -0.474647,  -0.389154,  -0.284019 |  -0.784797,  -0.636960,    0.000000 | 7.705612e-05, 9.597185e-05,   0.006977 :       OK
357 :  -0.412747,  -0.639875, -19.869781 |  -0.997374,  -0.759973,    0.000000 | 1.944752e+00, 5.328449e-01,  25.130219 : Overflow
358 :   0.512126,   0.312660,  86.799571 |  -0.466991,   0.870778,    0.000000 | 1.537421e-05, 8.957860e-06,   0.001031 :       OK
359 :  -0.520370,  -0.427103, -13.001759 |  -0.993193,  -0.492514,    0.000000 | 1.983290e+00, 3.699156e-02,   2.098297 : Overflow
360 :   0.223936,   0.187099,  84.617214 |  -0.272155,   0.396045,    0.000000 | 5.916439e-05, 4.103568e-05,   0.008585 :       OK
361 :   0.479322,  -0.006507,  15.251512 |   0.764347,   0.197300,    0.000000 | 1.372385e-04, 5.344471e-04,   0.040049 :       OK
362 :   0.545615,   0.070147,  40.566938 |   0.607416,   0.672076,    0.000000 | 3.807553e-04, 3.431513e-04,   0.032419 :       OK
363 :  -0.040156,   0.475237, -32.881587 |   0.369344,   0.693125,    0.000000 | 1.287006e-03, 6.837063e-04,   0.106316 :       OK
364 :  -0.199239,  -0.772374, -34.404788 |  -0.989381,  -0.864027,    0.000000 | 3.043355e-01, 1.805085e+00,  15.969839 : Overflow
365 :  -0.296902,   0.047800, -42.081502 |  -0.310123,   0.386094,    0.000000 | 5.693104e-04, 4.561972e-04,   0.084406 :       OK
366 :  -0.062298,  -0.530995,  34.958467 |   0.416948,  -0.775430,    0.000000 | 7.408262e-04, 3.994334e-04,   0.054773 :       OK
367 :   0.578398,   0.212485, -66.213319 |   0.704356,  -0.730442,    0.000000 | 1.384387e-03, 1.338382e-03,   0.108726 :       OK
368 :  -0.436901,   0.577308,  12.633745 |  -0.909984,   0.770309,    0.000000 | 1.895775e+00, 6.299019e-01,  32.366255 : Overflow
369 :  -0.380977,   0.183015, -68.016500 |   0.044618,   0.694581,    0.000000 | 1.239465e-03, 8.117275e-05,   0.102252 :       OK
370 :  -0.438060,   0.363148,   5.937141 |  -0.779368,   0.520192,    0.000000 | 9.831098e-04, 1.477027e-03,   0.108492 :       OK
371 :  -0.458155,  -0.467202,  69.737759 |   0.460472,  -0.974229,    0.000000 | 2.189553e-01, 1.935464e+00,  12.208951 : Overflow
372 :   0.475642,  -0.361355, -18.214073 |   0.558025,  -0.810075,    0.000000 | 1.316944e-03, 9.095278e-04,   0.093224 :       OK
373 :  -0.039932,   0.234596, -51.712556 |   0.262485,   0.290984,    0.000000 | 4.158923e-04, 3.742865e-04,   0.081805 :       OK
374 :  -0.341034,   0.261702, -61.324218 |   0.108617,   0.699517,    0.000000 | 1.080156e-03, 1.690297e-04,   0.088489 :       OK
375 :  -0.056679,  -0.435341,  70.736171 |   0.645969,  -0.324630,    0.000000 | 3.797460e-04, 7.577681e-04,   0.067174 :       OK
376 :  -0.592909,  -0.066590, -67.141138 |  -0.480332,   0.857101,    0.000000 | 1.233220e-03, 6.892355e-04,   0.082385 :       OK
377 :  -0.411940,   0.480561,  -3.162224 |  -0.633679,   0.827584,    0.000000 | 5.374851e-04, 4.104394e-04,   0.037174 :       OK
378 :   0.376156,  -0.598538, -67.126364 |  -0.667366,  -0.953850,    0.000000 | 1.735123e-01, 1.912915e+00,   9.597556 : Overflow
379 :  -0.155778,  -0.364071, -33.465473 |  -0.544607,  -0.358686,    0.000000 | 1.179737e-04, 1.783066e-04,   0.018785 :       OK
380 :   0.120958,   0.430875,  -5.731981 |   0.269058,   0.686106,    0.000000 | 1.075328e-03, 4.231701e-04,   0.089841 :       OK
381 :   0.657813,  -0.015246, -61.296908 |   0.498237,  -0.962207,    0.000000 | 1.812708e-03, 9.415734e-04,   0.108011 :       OK
382 :   0.075431,   0.419109, -11.714096 |   0.261754,   0.650579,    0.000000 | 9.366803e-04, 3.755991e-04,   0.082454 :       OK
383 :   0.619829,   0.314736,   8.503854 |   0.932844,   0.663535,    0.000000 | 3.024594e-05, 4.126405e-05,   0.002560 :       OK
384 :  -0.137595,  -0.431600,  44.085214 |   0.331724,  -0.668171,    0.000000 | 1.095132e-03, 5.453443e-04,   0.093964 :       OK
385 :  -0.034277,  -0.706347,  48.698418 |   0.836581,  -0.810133,    0.000000 | 1.794200e+00, 4.055433e-01,  22.866633 : Overflow
386 :  -0.084421,   0.663609, -50.060745 |   0.748633,   0.808144,    0.000000 | 1.591038e-04, 1.483713e-04,   0.011315 :       OK
387 :  -0.072288,  -0.336266,  16.941214 |   0.047482,  -0.564407,    0.000000 | 5.968615e-04, 5.089230e-05,   0.060596 :       OK
388 :  -0.542115,   0.424953,  67.952127 |  -0.983736,  -0.564759,    0.000000 | 1.925074e+00, 1.911841e-01,  10.423319 : Overflow
389 :  -0.420718,  -0.172875, -79.292311 |  -0.408451,   0.627865,    0.000000 | 4.016116e-04, 2.620151e-04,   0.036680 :       OK
390 :  -0.607191,  -0.009534, -28.526658 |  -0.886002,   0.463725,    0.000000 | 4.918061e-04, 9.370770e-04,   0.060634 :       OK
391 :   0.212504,  -0.173558, -69.838271 |  -0.147680,  -0.427009,    0.000000 | 5.211492e-04, 1.808994e-04,   0.069955 :       OK
392 :  -0.417944,  -0.089020, -63.493663 |  -0.438350,   0.550484,    0.000000 | 6.412008e-04, 5.117706e-04,   0.066798 :       OK
393 :   0.539088,   0.404725, -71.834826 |   0.910031,  -0.635723,    0.000000 | 4.926474e-04, 7.034088e-04,   0.044324 :       OK
394 :  -0.396847,  -0.450429,  34.573497 |  -0.117186,  -0.981599,    0.000000 | 1.348967e-04, 1.674608e-05,   0.007878 :       OK
395 :  -0.107849,  -0.412963, -34.249221 |  -0.529532,  -0.462175,    0.000000 | 7.458144e-04, 8.565840e-04,   0.092586 :       OK
396 :  -0.388285,  -0.374210,  87.636579 |   0.589342,  -0.664280,    0.000000 | 6.849933e-04, 6.091067e-04,   0.059142 :       OK
397 :  -0.384734,  -0.414020,  65.601082 |   0.359185,  -0.858622,    0.000000 | 8.371626e-04, 3.513297e-04,   0.055891 :       OK
398 :  -0.733801,  -0.037009,  47.415860 |  -0.772814,  -0.930962,    0.000000 | 4.614273e-01, 1.811756e+00,  24.149191 : Overflow
399 :   0.194086,   0.108485,  43.254624 |   0.110361,   0.349126,    0.000000 | 1.787801e-04, 5.621938e-05,   0.029326 :       OK
400 :  -0.109038,   0.193236,   0.662877 |  -0.183230,   0.316114,    0.000000 | 4.175997e-04, 2.426911e-04,   0.075740 :       OK
401 :   0.432550,  -0.411646, -34.392312 |   0.204881,  -0.961732,    0.000000 | 8.475423e-04, 1.815835e-04,   0.050505 :       OK
402 :   0.420776,  -0.273178,  17.036676 |   0.794311,  -0.227105,    0.000000 | 1.388526e-04, 4.831767e-04,   0.034866 :       OK
403 :  -0.314725,   0.340603, -88.985634 |   0.551629,   0.528124,    0.000000 | 4.873485e-04, 5.102108e-04,   0.052936 :       OK
404 :   0.196925,  -0.642978, -76.613853 |  -0.954987,  -0.560610,    0.000000 | 1.934764e+00, 1.602352e-01,   8.987441 : Overflow
405 :  -0.120010,   0.569206,  40.420921 |  -0.758228,   0.585461,    0.000000 | 4.642178e-04, 5.997175e-04,   0.045360 :       OK
406 :  -0.161041,   0.224757,  -6.227536 |  -0.223482,   0.396705,    0.000000 | 2.895065e-04, 1.626193e-04,   0.041784 :       OK
407 :  -0.331308,   0.553103,   1.779710 |  -0.573609,   0.893445,    0.000000 | 1.199014e-03, 7.717304e-04,   0.076948 :       OK
408 :   0.098916,  -0.386271,  48.170585 |   0.582611,  -0.302847,    0.000000 | 5.859217e-04, 1.130765e-03,   0.111128 :       OK
409 :  -0.422170,   0.277438, -20.519101 |  -0.490962,   0.671574,    0.000000 | 2.382144e-04, 1.734283e-04,   0.020294 :       OK
410 :   0.422562,  -0.139669,  61.260416 |   0.536258,   0.499547,    0.000000 | 6.228021e-04, 6.700919e-04,   0.071520 :       OK
411 :  -0.056638,   0.572702,  29.561869 |  -0.546419,   0.774318,    0.000000 | 1.086509e-03, 7.648490e-04,   0.080331 :       OK
412 :  -0.587075,  -0.275360,  18.000974 |  -0.779318,  -0.730021,    0.000000 | 1.322491e-03, 1.415359e-03,   0.103936 :       OK
413 :  -0.574685,   0.019002, -81.175141 |  -0.114265,   0.939966,    0.000000 | 1.552723e-03, 1.868475e-04,   0.094633 :       OK
414 :  -0.541051,  -0.104793,  22.783346 |  -0.754636,  -0.504135,    0.000000 | 5.995997e-05, 9.080350e-05,   0.006870 :       OK
415 :   0.163825,   0.389723, -78.126155 |   0.683557,  -0.131957,    0.000000 | 4.282905e-05, 2.193342e-04,   0.018392 :       OK
416 :  -0.549657,   0.296538,  85.666494 |  -0.555326,  -0.865666,    0.000000 | 2.280307e-04, 1.454619e-04,   0.015068 :       OK
417 :   0.254783,  -0.202708, -35.894496 |   0.144179,  -0.516409,    0.000000 | 1.260257e-04, 3.481431e-05,   0.013972 :       OK
418 :   0.001157,  -0.486945,  77.899049 |   0.784463,  -0.166239,    0.000000 | 6.237320e-05, 2.970652e-04,   0.021689 :       OK
419 :   0.485040,   0.238891,  64.171903 |  -0.006106,   0.890346,    0.000000 | 1.144021e-03, 6.544384e-06,   0.073620 :       OK
420 :   0.117018,   0.017540,  21.836899 |   0.168129,   0.098489,    0.000000 | 7.639251e-05, 1.300468e-04,   0.044349 :       OK
421 :   0.248552,  -0.226910,  54.483623 |   0.541926,   0.116078,    0.000000 | 1.131006e-04, 5.250980e-04,   0.055530 :       OK
422 :   0.221379,   0.128548,  45.904408 |   0.101651,   0.409122,    0.000000 | 5.966743e-04, 1.489883e-04,   0.083586 :       OK
423 :  -0.355408,  -0.477762,  47.096684 |   0.177873,  -0.964311,    0.000000 | 1.110428e-03, 2.061217e-04,   0.065991 :       OK
424 :  -0.243190,   0.383731,  33.280709 |  -0.681551,   0.308517,    0.000000 | 3.121058e-04, 6.874023e-04,   0.057817 :       OK
425 :  -0.044926,  -0.533361, -38.849541 |  -0.608565,  -0.637623,    0.000000 | 3.642125e-04, 3.466419e-04,   0.032684 :       OK
426 :   0.020440,  -0.366499,  10.524552 |   0.143333,  -0.587234,    0.000000 | 4.086460e-05, 9.577657e-06,   0.003978 :       OK
427 :  -0.516460,  -0.537320,  83.573325 |   0.784080,  -0.944183,    0.000000 | 7.632210e-01, 1.890403e+00,  38.573325 : Overflow
428 :   0.262251,  -0.272279,  70.658246 |   0.566106,   0.258987,    0.000000 | 3.549014e-04, 7.781241e-04,   0.078713 :       OK
429 :   0.481474,   0.241605, -16.163567 |   0.872288,   0.161419,    0.000000 | 1.612214e-04, 8.657188e-04,   0.056876 :       OK
430 :  -0.263385,   0.360193,  40.025821 |  -0.713607,   0.175261,    0.000000 | 3.009011e-04, 1.218719e-03,   0.097881 :       OK
431 :  -0.265916,   0.126732,  24.528899 |  -0.485021,   0.008068,    0.000000 | 4.926095e-06, 3.210465e-04,   0.037925 :       OK
432 :  -0.412221,  -0.255209, -30.183851 |  -0.798092,  -0.021988,    0.000000 | 1.247894e-05, 4.303259e-04,   0.030895 :       OK
433 :  -0.393456,   0.310330,  85.252652 |  -0.562910,  -0.603411,    0.000000 | 4.698516e-04, 4.372569e-04,   0.044564 :       OK
434 :  -0.228638,   0.014921, -77.781398 |  -0.055672,   0.373183,    0.000000 | 5.500921e-04, 8.271953e-05,   0.084472 :       OK
435 :   0.315734,  -0.429696, -81.473870 |  -0.622700,  -0.619103,    0.000000 | 2.125926e-04, 2.146934e-04,   0.019715 :       OK
436 :  -0.312350,  -0.537999, -39.974855 |  -0.963355,  -0.348475,    0.000000 | 2.862742e-04, 7.884762e-04,   0.046915 :       OK
437 :   0.030234,   0.643430, -44.168642 |   0.773995,   0.725333,    0.000000 | 1.328735e-04, 1.428009e-04,   0.010536 :       OK
438 :  -0.216558,   0.002311,  44.580468 |  -0.256678,  -0.247603,    0.000000 | 2.004674e-04, 2.073208e-04,   0.046331 :       OK
439 :   0.270479,  -0.132816, -44.784687 |   0.162063,  -0.469005,    0.000000 | 5.398340e-04, 1.858556e-04,   0.065923 :       OK
440 :  -0.097076,  -0.565564, -36.539350 |  -0.682941,  -0.653113,    0.000000 | 4.502531e-04, 4.720100e-04,   0.039552 :       OK
441 :   0.024878,  -0.329623,   6.739136 |   0.104383,  -0.534252,    0.000000 | 2.070326e-04, 4.005497e-05,   0.022195 :       OK
442 :   0.084692,   0.333339, -32.172467 |   0.410340,   0.390379,    0.000000 | 3.673679e-05, 3.808959e-05,   0.005353 :       OK
443 :  -0.023996,   0.008769,  76.003563 |  -0.023568,  -0.034850,    0.000000 | 5.894123e-05, 3.996584e-05,   0.096984 :       OK
444 :  -0.169426,  -0.457147,  69.283495 |   0.605441,  -0.527267,    0.000000 | 4.303629e-04, 4.929871e-04,   0.046702 :       OK
445 :  -0.209838,   0.429625, -61.079885 |   0.452156,   0.644594,    0.000000 | 1.225307e-03, 8.618538e-04,   0.109012 :       OK
446 :   0.213590,   0.468968,  66.762843 |  -0.570859,   0.627892,    0.000000 | 1.427356e-04, 1.305303e-04,   0.013059 :       OK
447 :   0.241134,  -0.482208, -27.559046 |  -0.015357,  -0.887699,    0.000000 | 1.406693e-03, 2.265572e-05,   0.090792 :       OK
448 :  -0.086961,  -0.224897, -46.803291 |  -0.368013,  -0.149111,    0.000000 | 2.277014e-04, 5.600801e-04,   0.087240 :       OK
449 :  -0.151037,   0.582102,  85.418221 |  -0.975387,  -0.171353,    0.000000 | 3.096522e-04, 1.749758e-03,   0.102806 :       OK
450 :   0.198155,   0.352217, -89.126790 |   0.584922,  -0.317437,    0.000000 | 4.876994e-04, 9.011987e-04,   0.088220 :       OK
451 :  -0.601200,   0.236704, -23.616405 |  -0.750959,   0.753766,    0.000000 | 7.268996e-04, 7.225399e-04,   0.055191 :       OK
452 :  -0.255581,  -0.060649,  13.951803 |  -0.384383,  -0.198405,    0.000000 | 2.839794e-04, 5.517429e-04,   0.082193 :       OK
453 :   0.470060,  -0.088580, -69.453850 |   0.135080,  -0.776032,    0.000000 | 9.157165e-05, 1.542422e-05,   0.006754 :       OK
454 :  -0.074854,  -0.415371,  51.378995 |   0.457478,  -0.523248,    0.000000 | 2.548499e-04, 2.235155e-04,   0.027944 :       OK
455 :  -0.202194,  -0.172961, -11.478519 |  -0.382985,  -0.212868,    0.000000 | 2.334816e-04, 4.189591e-04,   0.062717 :       OK
456 :   0.103173,   0.132307,  18.073417 |   0.093925,   0.259838,    0.000000 | 2.152006e-04, 7.750177e-05,   0.047433 :       OK
457 :  -0.349085,  -0.451490,  52.100312 |   0.233558,  -0.910330,    0.000000 | 3.487600e-04, 8.879130e-05,   0.021940 :       OK
458 :   0.143760,  -0.587191, -12.478040 |   0.022219,  -0.995273,    0.000000 | 8.482264e-04, 1.794269e-05,   0.048829 :       OK
459 :  -0.434207,   0.203132,  19.906535 |  -0.786207,   0.071063,    0.000000 | 4.836233e-05, 5.275060e-04,   0.038447 :       OK
460 :   0.164492,   0.246573, -16.266544 |   0.373771,   0.313918,    0.000000 | 3.499488e-04, 4.176276e-04,   0.063958 :       OK
461 :   0.473459,  -0.092709,  67.607398 |   0.438174,   0.662723,    0.000000 | 7.377253e-04, 4.865681e-04,   0.063733 :       OK
462 :   0.660655,   0.068913, -59.449153 |   0.650733,  -0.879227,    0.000000 | 7.624834e-04, 5.657054e-04,   0.049731 :       OK
463 :   0.065213,  -0.580255, -10.129594 |  -0.062340,  -0.959533,    0.000000 | 9.486490e-04, 6.054954e-05,   0.056642 :       OK
464 :   0.208235,  -0.468366, -61.749591 |  -0.517107,  -0.667138,    0.000000 | 1.288111e-03, 1.001104e-03,   0.110738 :       OK
465 :   0.142348,  -0.569581,  29.968696 |   0.671609,  -0.695461,    0.000000 | 4.806615e-04, 4.630017e-04,   0.039551 :       OK
466 :  -0.042733,  -0.289010, -51.042259 |  -0.414334,  -0.244519,    0.000000 | 3.546029e-04, 5.992772e-04,   0.082927 :       OK
467 :   0.128830,   0.310895,  57.290441 |  -0.316139,   0.455167,    0.000000 | 5.224394e-04, 3.619893e-04,   0.065712 :       OK
468 :  -0.338154,  -0.494994, -51.950052 |  -0.985117,  -0.063896,    0.000000 | 1.084861e-04, 1.641699e-03,   0.095491 :       OK
469 :  -0.308790,   0.376125, -81.056456 |   0.532804,   0.598611,    0.000000 | 1.098239e-04, 9.705120e-05,   0.010478 :       OK
470 :  -0.025562,  -0.105148,  -6.696793 |  -0.062000,  -0.167064,    0.000000 | 5.870352e-05, 2.191737e-05,   0.020148 :       OK
471 :   0.354151,   0.215812, -65.800858 |   0.563220,  -0.386276,    0.000000 | 5.397471e-04, 7.850510e-04,   0.079926 :       OK
472 :   0.339721,   0.408458,  32.003761 |   0.117934,   0.866890,    0.000000 | 9.145828e-04, 1.254748e-04,   0.060457 :       OK
473 :   0.008749,  -0.396305,  23.812977 |   0.276678,  -0.591243,    0.000000 | 8.501422e-04, 3.990360e-04,   0.082430 :       OK
474 :  -0.088175,  -0.294009,  -8.053014 |  -0.211597,  -0.459047,    0.000000 | 4.617462e-05, 2.163974e-05,   0.005780 :       OK
475 :  -0.057193,  -0.173927, -78.983712 |  -0.299135,   0.037717,    0.000000 | 3.196397e-05, 2.511239e-04,   0.048107 :       OK
476 :   0.377926,   0.065129,  47.010993 |   0.345904,   0.528372,    0.000000 | 6.646667e-04, 4.362073e-04,   0.072129 :       OK
477 :   0.164295,   0.452913,  59.030207 |  -0.500288,   0.615783,    0.000000 | 8.421192e-04, 6.825698e-04,   0.078282 :       OK
478 :  -0.104666,   0.067598,  28.318318 |  -0.204538,   0.016233,    0.000000 | 1.260291e-05, 1.612471e-04,   0.045165 :       OK
479 :  -0.394117,  -0.303450, -59.901784 |  -0.757804,   0.310911,    0.000000 | 2.962166e-04, 7.243435e-04,   0.054740 :       OK
480 :   0.170744,   0.468060, -83.527707 |   0.797564,  -0.192498,    0.000000 | 6.944989e-05, 2.902020e-04,   0.020838 :       OK
481 :   0.531087,   0.054898,  -9.564413 |   0.877438,  -0.056169,    0.000000 | 6.089724e-05, 9.347396e-04,   0.061042 :       OK
482 :   0.393144,  -0.053625,  31.289390 |   0.599114,   0.260778,    0.000000 | 7.926470e-05, 1.832210e-04,   0.017505 :       OK
483 :  -0.374175,  -0.027316, -26.819025 |  -0.570193,   0.237859,    0.000000 | 9.125657e-05, 2.199007e-04,   0.022080 :       OK
484 :   0.030481,  -0.603895,   5.288075 |   0.141635,  -0.985612,    0.000000 | 1.481308e-03, 2.146461e-04,   0.086126 :       OK
485 :   0.070747,   0.154418, -86.607037 |   0.260739,  -0.101249,    0.000000 | 5.324829e-05, 1.377235e-04,   0.030247 :       OK
486 :  -0.065789,  -0.460610,  -6.084915 |  -0.188133,  -0.742756,    0.000000 | 5.093982e-04, 1.283372e-04,   0.039282 :       OK
487 :  -0.303092,   0.080803, -41.096965 |  -0.288669,   0.428365,    0.000000 | 3.734279e-04, 2.522809e-04,   0.049987 :       OK
488 :  -0.714892,   0.248427,  70.771984 |  -0.773982,  -0.976855,    0.000000 | 5.352839e-04, 4.228678e-04,   0.031360 :       OK
489 :  -0.255643,  -0.584161,  45.745889 |   0.395235,  -0.972834,    0.000000 | 1.271715e-03, 5.183523e-04,   0.074933 :       OK
490 :  -0.305494,   0.533686,  46.386050 |  -0.983312,   0.242001,    0.000000 | 1.982187e+00, 1.950794e-01,  11.142758 : Overflow
491 :  -0.127947,  -0.175091,  40.591027 |   0.027607,  -0.356044,    0.000000 | 5.174098e-05, 4.244050e-06,   0.008329 :       OK
492 :   0.134923,  -0.589157,  49.236590 |   0.879915,  -0.465194,    0.000000 | 4.862266e-04, 9.171865e-04,   0.059759 :       OK
493 :  -0.273924,   0.109688,  -6.351233 |  -0.428338,   0.229422,    0.000000 | 3.272823e-04, 6.127560e-04,   0.081913 :       OK
494 :   0.248158,  -0.510910,  56.265837 |   0.926626,  -0.127386,    0.000000 | 1.403824e-04, 1.029769e-03,   0.063663 :       OK
495 :   0.258673,   0.464355, -77.300102 |   0.839622,  -0.247439,    0.000000 | 2.184494e-04, 7.444370e-04,   0.050783 :       OK
496 :  -0.463514,   0.120650, -25.385986 |  -0.604416,   0.506733,    0.000000 | 6.031795e-04, 7.178043e-04,   0.068109 :       OK
497 :  -0.271483,   0.339685, -48.876590 |   0.127349,   0.704669,    0.000000 | 9.398283e-04, 1.709582e-04,   0.076432 :       OK
498 :  -0.285302,   0.101009,  29.318593 |  -0.491094,  -0.085024,    0.000000 | 8.973110e-05, 5.217855e-04,   0.060865 :       OK
499 :  -0.235090,  -0.282482, -43.475983 |  -0.600998,  -0.071193,    0.000000 | 3.901094e-05, 3.333850e-04,   0.031778 :       OK
---------------------------------------------
Test summary
 Error of x : 3.903751e-06 to 1.986573e+00, avg 8.611112e-02
 Error of y : 6.754311e-07 to 1.935464e+00, avg 7.543294e-02
 Error of z : 0.000408 deg to 43.182933 deg, avg 1.495913 deg
---------------------------------------------
