Hyperbolic rotation test
---------------------------------------------
Number of tests             : 500
Number of CORDIC iterations : 10
Number format               : q3.28
CORDIC iteration logging    : OFF
Test logging                : OFF
---------------------------------------------
---------------------------------------------
Test table
No :     init x,     init y,   init ang |      exp x,      exp y,     exp ang |      error x,      error y,  error ang
 0 :   1.687206,  -5.743098,  49.825163 |  -2.722997,  -5.307055,    0.000000 | 4.420753e-03, 2.266266e-03,   0.047742 :       OK
 1 :   2.172125,   1.835431,   5.503677 |   1.957232,   1.703438,    0.000000 | 1.362734e-03, 1.565493e-03,   0.045804 :       OK
 2 :  -5.395730,  -0.905421,  -9.612945 |  -4.413798,  -0.007185,    0.000000 | 5.681087e-06, 2.594960e-03,   0.033685 :       OK
 3 :  -5.215212,  -3.824954,  10.850380 |  -5.009969,  -4.055383,    0.000000 | 2.272140e-03, 2.807643e-03,   0.032124 :       OK
 4 :   4.857838,  -2.989250,  77.562912 |   3.842541,   2.160813,    0.000000 | 4.829624e-01, 1.069595e+00,  17.144924 :       OK
 5 :   2.306479,   0.182299,  54.128957 |   2.998529,   2.313254,    0.000000 | 8.474894e-04, 1.098196e-03,   0.020974 :       OK
 6 :   6.254603,  -3.486145,   9.521284 |   4.778855,  -2.066343,    0.000000 | 1.947867e-03, 4.499446e-03,   0.053931 :       OK
 7 :   2.133224,   2.574813, -42.085398 |   0.555166,   1.318974,    0.000000 | 3.558700e-04, 1.495737e-04,   0.015464 :       OK
 8 :   0.362829,  -2.056517,  76.190816 |  -2.390809,  -2.921871,    0.000000 | 7.233878e-01, 5.550890e-01,  15.772828 :       OK
 9 :  -6.092472,  -7.904905, -34.174007 |  -1.833191,  -4.563804,    0.000000 | 2.216816e-03, 8.915081e-04,   0.027824 :       OK
10 :  -5.948989,   6.061147,  18.266358 |  -3.558634,   3.686646,    0.000000 | 2.341676e-04, 2.259776e-04,   0.003648 :       OK
11 :   4.307740,  -2.024311, -15.296672 |   4.156428,  -2.705638,    0.000000 | 4.130301e-05, 6.403799e-05,   0.000888 :       OK
12 :   1.735718,  -3.219909, -22.556966 |   2.632595,  -3.463353,    0.000000 | 2.008804e-03, 1.526465e-03,   0.033247 :       OK
13 :   4.211111,   4.041580,   5.643753 |   3.842142,   3.714664,    0.000000 | 1.144196e-03, 1.183408e-03,   0.017636 :       OK
14 :   7.617219,  -5.279934,  45.262820 |   4.565160,  -0.291877,    0.000000 | 1.409938e-04, 2.185771e-03,   0.027432 :       OK
15 :   3.483637,   6.734992, -11.808793 |   1.792281,   5.107691,    0.000000 | 1.492262e-03, 5.227323e-04,   0.016744 :       OK
16 :   5.255847,   3.100983, -43.848784 |   3.534759,  -0.308960,    0.000000 | 2.366459e-04, 2.689395e-03,   0.043591 :       OK
17 :   4.417288,   5.548869, -32.852661 |   1.497478,   3.163453,    0.000000 | 2.732618e-03, 1.294840e-03,   0.049478 :       OK
18 :   3.707465,  -5.033540,  61.577488 |  -0.373506,  -2.849650,    0.000000 | 5.759605e-02, 6.975176e-03,   1.159501 :       OK
19 :  -5.935688,   1.873194, -34.113670 |  -6.805529,   4.946957,    0.000000 | 1.472299e+01, 1.612151e+00,  11.993330 : Overflow
20 :   3.857365,   2.018489,  14.596082 |   3.736506,   2.553792,    0.000000 | 1.255348e-03, 1.835908e-03,   0.028141 :       OK
21 :  -3.024731,  -7.526709, -71.160619 |   5.203014,  -7.731656,    0.000000 | 1.366427e+00, 8.449617e-01,  10.742632 :       OK
22 :  -6.882332,   0.965722, -21.460191 |  -6.423329,   3.047571,    0.000000 | 2.956387e-03, 6.237794e-03,   0.055658 :       OK
23 :   1.649687,   3.555371,  36.867911 |   3.694269,   4.525191,    0.000000 | 2.759104e-03, 2.251952e-03,   0.034951 :       OK
24 :  -0.165843,  -5.778490, -59.102750 |   5.653583,  -7.411814,    0.000000 | 3.575554e-03, 2.726529e-03,   0.027652 :       OK
25 :  -2.303593,  -6.638819, -57.974055 |   3.598633,  -6.296265,    0.000000 | 1.993108e-03, 1.138285e-03,   0.018144 :       OK
26 :   1.759667,  -2.746205, -49.276788 |   4.244790,  -4.591181,    0.000000 | 4.169972e-03, 3.855739e-03,   0.052009 :       OK
27 :   2.706186,  -6.876501,  67.890809 |  -4.442887,  -6.874238,    0.000000 | 8.612762e-01, 5.225573e-01,   7.472822 :       OK
28 :  -1.268331,   6.454164,  31.487039 |   1.878150,   5.576890,    0.000000 | 3.010169e-02, 1.021015e-02,   0.308973 :       OK
29 :  -5.074983,   5.192784,  72.989920 |  -1.016951,   1.366388,    0.000000 | 3.268062e-01, 2.579613e-01,  12.571933 :       OK
30 :  -2.668963,   3.071854,  64.009231 |  -0.268476,   1.290200,    0.000000 | 8.144905e-02, 1.937425e-02,   3.591244 :       OK
31 :   1.208225,  -0.062510,  52.267242 |   1.395300,   0.971813,    0.000000 | 4.702158e-04, 6.753991e-04,   0.027745 :       OK
32 :   3.783035,   2.062678,   7.086934 |   3.375381,   2.113948,    0.000000 | 1.117061e-03, 1.782647e-03,   0.030249 :       OK
33 :   2.524306,   7.660580, -54.520708 |  -3.887101,   7.150425,    0.000000 | 4.372033e-03, 2.374966e-03,   0.035044 :       OK
34 :   6.932310,  -4.947451,  28.142616 |   4.361751,  -1.670150,    0.000000 | 4.206606e-04, 1.096743e-03,   0.014402 :       OK
35 :   3.729020,  -7.358446, -16.559169 |   5.013753,  -7.269474,    0.000000 | 2.394491e+00, 1.404652e+01,  14.913754 : Overflow
36 :  -6.523796,   3.734271,  -0.938210 |  -5.464793,   3.187691,    0.000000 | 1.307386e+01, 3.808478e+00,  30.534714 : Overflow
37 :  -0.967453,   7.533446,  20.485277 |   1.428284,   6.361759,    0.000000 | 2.664280e-03, 5.996567e-04,   0.023992 :       OK
38 :  -1.448661,  -4.625775,   1.624796 |  -1.311419,  -3.874020,    0.000000 | 6.122577e-02, 2.115253e-02,   0.903064 :       OK
39 :  -3.453380,  -1.986513,  40.001555 |  -4.839376,  -4.233829,    0.000000 | 1.997719e-03, 2.283797e-03,   0.027053 :       OK
40 :   6.717207,  -2.542267,  -6.221035 |   5.836200,  -2.728354,    0.000000 | 4.299898e-05, 9.045112e-05,   0.000884 :       OK
41 :  -6.622187,  -1.774906,  -8.679987 |  -5.334173,  -0.654073,    0.000000 | 4.489532e-05, 3.729861e-04,   0.004007 :       OK
42 :   2.414462,   1.317631,  50.542124 |   3.929363,   3.552658,    0.000000 | 1.156630e-03, 1.279109e-03,   0.018640 :       OK
43 :  -4.730799,  -0.241377,   8.451024 |  -3.997958,  -0.783584,    0.000000 | 1.259378e-04, 6.391899e-04,   0.009159 :       OK
44 :  -2.010185,  -1.306497,   9.449425 |  -1.870358,  -1.375229,    0.000000 | 4.307169e-04, 5.855400e-04,   0.017928 :       OK
45 :   5.870077,  -5.224282,  51.151289 |   2.539278,  -1.230762,    0.000000 | 6.661955e-04, 1.373279e-03,   0.030978 :       OK
46 :   4.765220,  -2.754751, -49.992915 |   7.814601,  -7.117459,    0.000000 | 1.555354e+01, 4.839184e-01,   3.313713 : Overflow
47 :  -7.588858,  -4.059257, -34.479224 |  -5.320586,   0.025519,    0.000000 | 2.061569e-06, 2.499510e-04,   0.002692 :       OK
48 :   3.093035,  -4.512741,  55.280029 |  -0.343344,  -2.748216,    0.000000 | 5.225651e-04, 6.480016e-05,   0.010896 :       OK
49 :   3.109238,  -1.266281,  51.726662 |   2.621958,   1.149943,    0.000000 | 9.359278e-04, 2.136362e-03,   0.046697 :       OK
50 :   2.273992,   5.158995,  33.809356 |   4.900298,   6.227203,    0.000000 | 1.210753e-04, 9.565400e-05,   0.001107 :       OK
51 :   3.051660,  -7.308981,   9.754466 |   1.531475,  -5.719775,    0.000000 | 5.520108e-03, 1.481311e-03,   0.055286 :       OK
52 :  -4.691582,   5.016896,  61.916189 |  -0.969302,   1.764697,    0.000000 | 4.648111e-02, 2.595234e-02,   1.498202 :       OK
53 :   4.341931,   4.920339,  25.189481 |   5.810031,   6.119249,    0.000000 | 2.995386e-03, 2.844185e-03,   0.028031 :       OK
54 :  -3.047888,  -5.726428, -48.142755 |   1.003626,  -4.146025,    0.000000 | 3.251584e-03, 7.852868e-04,   0.044942 :       OK
55 :   1.609977,  -3.689651,  19.328729 |   0.360136,  -2.778203,    0.000000 | 2.494583e-03, 3.249000e-04,   0.051442 :       OK
56 :  -3.017379,  -5.226991, -15.796278 |  -1.388548,  -3.804084,    0.000000 | 3.511024e-03, 1.283505e-03,   0.052870 :       OK
57 :  -7.948997,  -4.285996, -20.533018 |  -5.722062,  -1.372571,    0.000000 | 5.703427e-04, 2.372174e-03,   0.023749 :       OK
58 :  -3.530917,   0.544173,  13.233187 |  -2.903164,  -0.219086,    0.000000 | 1.855748e-04, 2.439615e-03,   0.048145 :       OK
59 :  -5.029399,  -0.517931,  14.903639 |  -4.428342,  -1.542224,    0.000000 | 1.493915e-03, 4.296673e-03,   0.055605 :       OK
60 :  -2.253616,   6.593936,  63.729214 |   4.269673,   6.683620,    0.000000 | 3.793408e-01, 2.357241e-01,   3.311227 :       OK
61 :  -2.051179,   0.343430,  -8.890781 |  -1.766961,   0.553581,    0.000000 | 1.650022e-04, 5.256323e-04,   0.017041 :       OK
62 :   2.726577,  -2.875630, -52.144615 |   5.749981,  -5.799761,    0.000000 | 1.722044e-03, 1.707258e-03,   0.017024 :       OK
63 :  -7.801935,   2.670803,  41.476479 |  -6.497420,  -2.283970,    0.000000 | 1.873128e-03, 5.336709e-03,   0.047070 :       OK
64 :  -2.882692,   1.478186,  26.686878 |  -2.064010,   0.207187,    0.000000 | 5.268945e-05, 5.209425e-04,   0.014460 :       OK
65 :  -6.336560,   6.248324,  80.410358 |  -1.432130,   1.134203,    0.000000 | 4.919128e-01, 5.796699e-01,  19.992371 :       OK
66 :   1.908586,  -5.810323,  49.541343 |  -2.494460,  -5.192217,    0.000000 | 1.021430e-03, 4.914351e-04,   0.011266 :       OK
67 :  -4.975375,   1.361024, -47.071984 |  -6.637697,   5.318849,    0.000000 | 1.723326e-03, 2.149995e-03,   0.018549 :       OK
68 :   7.539270,   6.650396, -31.543844 |   4.034296,   2.755204,    0.000000 | 1.208644e-02, 1.772854e-02,   0.252168 :       OK
69 :  -1.628273,  -3.985624,  64.530442 |  -6.866286,  -7.500530,    0.000000 | 5.211241e-01, 4.739270e-01,   4.112455 :       OK
70 :   0.357498,   2.423761, -72.084754 |  -2.688631,   3.344493,    0.000000 | 6.298013e-01, 4.816836e-01,  11.666767 :       OK
71 :   2.731632,   1.534931, -40.186088 |   1.879031,  -0.123386,    0.000000 | 2.667866e-05, 4.009888e-04,   0.012226 :       OK
72 :  -2.381802,   1.247078, -76.883613 |  -5.883727,   5.637642,    0.000000 | 1.397898e+00, 1.479827e+00,  16.465626 :       OK
73 :  -2.239909,   6.146406, -26.475631 |  -4.502117,   6.544182,    0.000000 | 3.085553e-03, 2.121793e-03,   0.027025 :       OK
74 :  -6.685801,  -5.886043, -67.401166 |  -2.684503,  -0.532643,    0.000000 | 8.504280e-02, 3.319576e-01,   6.983178 :       OK
75 :  -3.630786,   4.340769, -28.687316 |  -5.278070,   5.635151,    0.000000 | 4.443809e-05, 4.173935e-05,   0.000443 :       OK
76 :  -1.555058,  -2.144863,  80.926385 |  -6.243262,  -6.362458,    0.000000 | 1.922081e+00, 1.870781e+00,  20.508398 :       OK
77 :   6.932033,   1.441902, -61.542453 |   7.854877,  -5.481265,    0.000000 | 1.060661e-01, 1.531103e-01,   1.124466 :       OK
78 :  -0.059284,   5.525850,  21.389224 |   1.699106,   4.889688,    0.000000 | 1.306805e-03, 4.549369e-04,   0.015309 :       OK
79 :  -2.207563,   7.911413,  11.115441 |  -0.584803,   6.331067,    0.000000 | 4.257820e-03, 3.908822e-04,   0.038535 :       OK
80 :   3.818593,   1.477783, -10.553792 |   2.995354,   0.660142,    0.000000 | 4.671619e-04, 2.124982e-03,   0.040652 :       OK
81 :  -5.387307,  -5.446498, -68.927211 |  -1.267976,  -1.431538,    0.000000 | 2.273952e-01, 2.048218e-01,   8.509223 :       OK
82 :   2.325920,   5.393920, -60.683618 |  -2.560192,   4.781446,    0.000000 | 2.213954e-02, 1.181724e-02,   0.265630 :       OK
83 :   4.590917,   3.776910,  46.234158 |   7.930982,   7.629582,    0.000000 | 1.497199e+01, 1.493769e+01,   7.072470 : Overflow
84 :   3.591296,  -1.823362, -61.419905 |   6.813453,  -6.311255,    0.000000 | 1.093262e-01, 1.181853e-01,   1.001917 :       OK
85 :   3.123200,   5.365634, -13.084197 |   1.633844,   3.971928,    0.000000 | 1.919047e-03, 7.903097e-04,   0.027676 :       OK
86 :   1.177672,  -0.530353,  66.899246 |   1.083722,   0.642791,    0.000000 | 6.592611e-02, 1.187345e-01,   6.481259 :       OK
87 :   4.486586,  -1.858546,  22.030049 |   3.393800,  -0.190625,    0.000000 | 1.511535e-04, 2.719992e-03,   0.045922 :       OK
88 :  -1.422948,   3.119579,  58.044734 |   1.254299,   2.622941,    0.000000 | 1.057025e-03, 5.059545e-04,   0.023083 :       OK
89 :  -1.340115,  -4.997434, -69.595632 |   4.331950,  -5.892793,    0.000000 | 8.922566e-01, 6.211030e-01,   9.177645 :       OK
90 :   7.905708,  -0.736653, -14.324880 |   6.920531,  -2.287715,    0.000000 | 1.464650e+01, 2.401792e+00,  17.148044 : Overflow
91 :  -4.257453,   2.402486,  72.332568 |  -3.501694,  -1.937960,    0.000000 | 3.299220e-01, 6.913792e-01,  11.914580 :       OK
92 :   4.341634,  -6.561232,  81.607140 |  -2.737617,  -4.914991,    0.000000 | 1.670030e+00, 6.957093e-01,  21.189152 :       OK
93 :   3.730430,   1.100252,  63.710050 |   6.452276,   5.734423,    0.000000 | 3.190115e-01, 3.614655e-01,   3.292063 :       OK
94 :   4.276658,  -6.290104,  73.907106 |  -1.827555,  -4.241345,    0.000000 | 9.569053e-01, 3.161588e-01,  13.489118 :       OK
95 :   1.446200,  -3.019275,  41.716380 |  -0.457190,  -2.246258,    0.000000 | 1.911942e-03, 3.902677e-04,   0.048762 :       OK
96 :   3.703807,   5.718710, -80.081542 |  -2.415913,   4.348429,    0.000000 | 1.378145e+00, 5.868911e-01,  19.663555 :       OK
97 :  -1.299482,   4.554494, -14.442090 |  -2.075444,   4.174612,    0.000000 | 3.036056e-03, 1.508072e-03,   0.041681 :       OK
98 :   4.635568,   2.974607, -15.517723 |   3.311749,   1.504802,    0.000000 | 4.867853e-05, 1.080570e-04,   0.001874 :       OK
99 :   0.702382,  -2.571961, -57.852974 |   3.446267,  -4.011451,    0.000000 | 6.273183e-04, 5.387578e-04,   0.008968 :       OK
100 :  -2.136126,   5.360576, -30.756091 |  -4.538140,   6.102340,    0.000000 | 5.735926e-03, 4.263989e-03,   0.053881 :       OK
101 :   3.161557,  -4.302708, -37.243658 |   5.685139,  -6.179455,    0.000000 | 3.998124e-03, 3.678656e-03,   0.037051 :       OK
102 :  -4.574075,  -7.421524,   6.251107 |  -4.491308,  -6.609851,    0.000000 | 1.220647e+01, 1.290129e+01,  25.221816 : Overflow
103 :   7.019621,   1.361269, -17.123246 |   5.744191,  -0.586421,    0.000000 | 2.848973e-04, 2.775384e-03,   0.027682 :       OK
104 :   5.457995,   4.826201,  10.853757 |   5.373618,   4.939838,    0.000000 | 3.058889e-03, 3.327809e-03,   0.035501 :       OK
105 :   2.008802,   5.507421,  -4.335150 |   1.325536,   4.456805,    0.000000 | 1.295497e-03, 3.861181e-04,   0.016651 :       OK
106 :  -1.084066,   5.338840,  45.962001 |   2.742523,   5.132036,    0.000000 | 4.940373e-03, 2.637821e-03,   0.055175 :       OK
107 :   1.563572,  -4.030822,  -6.959537 |   1.714277,  -3.527389,    0.000000 | 2.816786e-03, 1.370227e-03,   0.045740 :       OK
108 :  -3.133831,   3.261654, -37.122320 |  -5.044378,   5.099865,    0.000000 | 4.139962e-03, 4.094972e-03,   0.046484 :       OK
109 :  -5.426509,   7.304679,  88.667473 |   2.538455,   4.786189,    0.000000 | 2.141748e+00, 7.092742e-01,  28.249486 :       OK
110 :   2.578468,   1.948714,   2.983900 |   2.226717,   1.730677,    0.000000 | 2.537685e-04, 3.266962e-04,   0.008414 :       OK
111 :   5.848682,   0.457038,  -9.586433 |   4.857468,  -0.431232,    0.000000 | 5.317463e-05, 6.081213e-04,   0.007174 :       OK
112 :   4.751653,  -4.749757,  23.574297 |   2.613540,  -2.611165,    0.000000 | 1.979385e-03, 1.981187e-03,   0.043407 :       OK
113 :  -3.590120,   0.845259, -31.544955 |  -3.847997,   2.534655,    0.000000 | 1.114391e-02, 1.688586e-02,   0.251058 :       OK
114 :   4.321144,  -3.565867,  75.076745 |   2.044370,   0.279128,    0.000000 | 4.920461e-03, 5.195785e-01,  14.658758 :       OK
115 :  -3.867573,  -0.032736,  27.286151 |  -3.593527,  -1.617080,    0.000000 | 1.527127e-03, 3.397500e-03,   0.054186 :       OK
116 :   6.521123,  -1.477977,   7.638418 |   5.295283,  -0.513789,    0.000000 | 3.413956e-04, 3.539186e-03,   0.038297 :       OK
117 :  -7.620580,   5.310052,  69.802504 |  -4.828018,  -1.654874,    0.000000 | 2.073594e-01, 7.720773e-01,   9.384517 :       OK
118 :   1.876485,   7.667602,  21.357366 |   4.093450,   7.403543,    0.000000 | 1.616836e+00, 1.479770e+01,  10.115557 : Overflow
119 :  -5.655627,   5.106867,  55.690952 |  -2.291130,   1.087546,    0.000000 | 4.892377e-04, 1.031681e-03,   0.025807 :       OK
120 :  -4.807155,   3.648156,  49.689339 |  -2.618358,   0.329148,    0.000000 | 1.432788e-04, 1.134477e-03,   0.024824 :       OK
121 :  -1.475554,  -3.726046, -19.872655 |  -0.204774,  -2.846412,    0.000000 | 1.779744e-03, 1.290404e-04,   0.035823 :       OK
122 :  -1.217197,   1.082131, -54.487939 |  -2.490794,   2.447493,    0.000000 | 9.676498e-05, 9.847936e-05,   0.002275 :       OK
123 :  -0.269121,   4.254800,  42.898294 |   2.608487,   4.383965,    0.000000 | 1.001251e-03, 5.952346e-04,   0.013092 :       OK
124 :  -4.582483,   1.557587, -31.012405 |  -5.107429,   3.646583,    0.000000 | 1.625813e-03, 2.276251e-03,   0.025525 :       OK
125 :  -4.338631,  -0.833467,  35.509635 |  -4.770533,  -3.205535,    0.000000 | 1.093556e-03, 1.628299e-03,   0.019565 :       OK
126 :  -0.919261,  -0.089759, -25.322331 |  -0.804504,   0.266329,    0.000000 | 3.307266e-05, 9.956171e-05,   0.007087 :       OK
127 :   1.201332,  -3.425362,   8.513184 |   0.583993,  -2.725076,    0.000000 | 2.521174e-03, 5.418167e-04,   0.053001 :       OK
128 :   2.660217,  -0.687807,  28.258258 |   2.188321,   0.491803,    0.000000 | 1.552309e-04, 6.926423e-04,   0.018138 :       OK
129 :   7.523367,  -1.716210,   7.805454 |   6.106167,  -0.584226,    0.000000 | 1.728681e-04, 1.794060e-03,   0.016833 :       OK
130 :   0.754540,  -7.019445,  20.507361 |  -1.462909,  -5.972783,    0.000000 | 1.990836e-04, 4.965276e-05,   0.001908 :       OK
131 :   5.973676,   7.441725, -50.461032 |   0.837534,   3.776486,    0.000000 | 8.025671e-04, 1.786445e-04,   0.012174 :       OK
132 :   1.494599,  -1.229572,  15.222014 |   1.009955,  -0.723119,    0.000000 | 4.817007e-04, 6.725091e-04,   0.038137 :       OK
133 :  -1.669915,  -3.576327,  13.132947 |  -2.108403,  -3.366270,    0.000000 | 2.085256e-03, 1.306778e-03,   0.035479 :       OK
134 :  -0.268596,  -4.206686, -18.957252 |   0.940933,  -3.608349,    0.000000 | 9.876620e-04, 2.568858e-04,   0.015686 :       OK
135 :  -4.033449,   2.664958, -20.019117 |  -4.341718,   3.541029,    0.000000 | 2.568370e-03, 3.148364e-03,   0.041528 :       OK
136 :   1.954646,  -0.540223,  65.751383 |   2.177387,   1.520298,    0.000000 | 1.322813e-01, 1.963840e-01,   5.333395 :       OK
137 :  -3.879608,  -1.086147,  54.976380 |  -5.822129,  -4.934170,    0.000000 | 3.708159e-03, 4.376350e-03,   0.043089 :       OK
138 :  -2.954324,   1.395624, -16.608260 |  -2.895564,   1.927647,    0.000000 | 1.024085e-03, 1.537587e-03,   0.030413 :       OK
139 :  -5.221470,   0.329555,  41.436674 |  -5.300526,  -3.065655,    0.000000 | 3.878847e-04, 6.716794e-04,   0.007266 :       OK
140 :   1.106757,  -5.234665,   8.561617 |   0.277159,  -4.254472,    0.000000 | 7.774957e-04, 4.990673e-05,   0.010471 :       OK
141 :   4.535000,  -4.390427,  66.210933 |   1.356483,  -0.975485,    0.000000 | 1.057349e-01, 1.423727e-01,   5.792946 :       OK
142 :  -3.819505,  -0.154480,  21.973997 |  -3.455686,  -1.383251,    0.000000 | 2.391918e-04, 5.988328e-04,   0.009933 :       OK
143 :   7.289809,   4.097268,  10.537717 |   6.780366,   4.576294,    0.000000 | 1.344192e+01, 3.165879e+00,  20.935207 : Overflow
144 :  -4.513969,  -6.420426, -84.082719 |   2.385936,  -4.477266,    0.000000 | 1.695841e+00, 6.263628e-01,  23.664731 :       OK
145 :   1.653854,   1.074305,  50.564959 |   2.835250,   2.636284,    0.000000 | 1.925742e-04, 2.071821e-04,   0.004195 :       OK
146 :   4.505455,  -4.083687,  77.407517 |   1.598567,  -0.247191,    0.000000 | 1.451714e-01, 4.919363e-01,  16.989529 :       OK
147 :  -3.341120,  -3.399580, -86.221440 |  -0.511771,  -0.730230,    0.000000 | 3.928745e-01, 3.136616e-01,  25.803453 :       OK
148 :   5.211938,   5.863403, -10.276259 |   3.517210,   4.163975,    0.000000 | 1.276026e-03, 1.078072e-03,   0.017548 :       OK
149 :   1.720550,  -2.122219,  44.298538 |   0.374810,  -1.096930,    0.000000 | 7.959978e-04, 2.715842e-04,   0.041586 :       OK
150 :   1.839754,  -2.932459,  80.160374 |  -1.348008,  -2.325421,    0.000000 | 7.364013e-01, 3.343102e-01,  19.742386 :       OK
151 :   2.162141,  -3.298628, -66.516996 |   7.086311,  -7.381661,    0.000000 | 7.470593e-01, 7.138856e-01,   6.099009 :       OK
152 :   1.556209,   1.439261, -16.821228 |   0.991685,   0.861531,    0.000000 | 1.063233e-03, 1.223599e-03,   0.070649 :       OK
153 :   3.158798,   7.048297, -71.272379 |  -4.377709,   6.819063,    0.000000 | 1.220785e+00, 7.115708e-01,  10.854392 :       OK
154 :   3.498369,  -4.764614, -42.618820 |   6.963303,  -7.462690,    0.000000 | 5.547718e-03, 5.176904e-03,   0.042570 :       OK
155 :  -1.123347,  -6.021542, -42.884773 |   2.893281,  -5.698058,    0.000000 | 4.312991e-05, 2.256356e-05,   0.000429 :       OK
156 :  -7.805371,  -0.609229,  -0.442572 |  -6.473042,  -0.455513,    0.000000 | 1.229350e-02, 2.353376e-01,   2.085288 :       OK
157 :  -7.179229,  -6.780101, -40.061796 |  -3.211498,  -2.545091,    0.000000 | 1.092475e-03, 1.378910e-03,   0.024612 :       OK
158 :   3.909102,  -7.072749,  87.114015 |  -5.007830,  -7.000001,    0.000000 | 2.827342e+00, 1.644986e+00,  26.696028 :       OK
159 :  -0.763857,  -1.337807, -80.300992 |   0.752419,  -1.181814,    0.000000 | 3.726369e-01, 1.945024e-01,  19.883005 :       OK
160 :   5.192659,  -5.051114,  48.883642 |   1.948601,  -1.672930,    0.000000 | 7.244238e-05, 8.428467e-05,   0.002470 :       OK
161 :  -4.415870,   7.879552,   3.566052 |  -3.264104,   6.322770,    0.000000 | 3.424350e-03, 1.769232e-03,   0.031022 :       OK
162 :   2.121231,   4.538509, -55.754861 |  -1.609658,   3.698024,    0.000000 | 2.458637e-03, 1.069044e-03,   0.038103 :       OK
163 :  -0.258205,   5.720974,  10.820659 |   0.683783,   4.791365,    0.000000 | 2.007814e-04, 2.790068e-05,   0.002402 :       OK
164 :   2.182549,   4.164950,  56.218179 |   6.716949,   7.333586,    0.000000 | 6.879724e-03, 6.300537e-03,   0.053781 :       OK
165 :   3.279622,   0.131742,   8.628670 |   2.768814,   0.521945,    0.000000 | 5.057105e-04, 2.673871e-03,   0.055325 :       OK
166 :   4.911205,  -7.858021,  -3.982654 |   4.538680,  -6.819699,    0.000000 | 1.169847e+01, 1.250608e+01,  27.490270 : Overflow
167 :  -3.254624,   4.483389,  82.208793 |   1.376000,   2.905190,    0.000000 | 1.031015e+00, 3.233749e-01,  21.790805 :       OK
168 :   0.194252,  -0.572263, -41.163635 |   0.575875,  -0.728792,    0.000000 | 5.339854e-04, 4.220583e-04,   0.041961 :       OK
169 :   3.659817,  -6.563711,  62.173742 |  -2.132951,  -4.999081,    0.000000 | 1.522124e-01, 6.302359e-02,   1.755754 :       OK
170 :   5.701588,  -3.142108,   8.301543 |   4.401732,  -1.946796,    0.000000 | 1.585770e-03, 3.589394e-03,   0.046734 :       OK
171 :  -7.575019,  -1.795114,  -1.238847 |  -6.254871,  -1.353983,    0.000000 | 2.887984e-02, 1.403880e-01,   1.289013 :       OK
172 :  -3.682665,   7.408304, -16.899329 |  -5.029229,   7.331041,    0.000000 | 2.357588e+00, 1.408141e+01,  14.573595 : Overflow
173 :  -0.146318,   3.515500,  40.311261 |   2.073205,   3.576716,    0.000000 | 6.448140e-05, 3.699652e-05,   0.001038 :       OK
174 :  -6.451231,  -5.537918, -29.834275 |  -3.592982,  -2.317355,    0.000000 | 1.106353e-03, 1.714471e-03,   0.027330 :       OK
175 :  -4.466833,  -2.362510,   0.181346 |  -3.712719,  -1.972109,    0.000000 | 8.390373e-02, 1.537491e-01,   2.346514 :       OK
176 :   5.007903,   6.296630, -52.324160 |   0.549196,   3.214427,    0.000000 | 1.528229e-03, 2.602430e-04,   0.027243 :       OK
177 :   0.359198,   7.035064, -12.936535 |  -1.023578,   5.919127,    0.000000 | 8.348510e-04, 1.453372e-04,   0.008079 :       OK
178 :  -1.884768,   0.474228, -59.214258 |  -2.959244,   2.542842,    0.000000 | 1.208692e-03, 1.406863e-03,   0.027253 :       OK
179 :  -6.100794,  -3.315062, -19.578646 |  -4.402397,  -1.149227,    0.000000 | 6.879556e-04, 2.640719e-03,   0.034373 :       OK
180 :  -1.399966,   0.292565, -25.533646 |  -1.390746,   0.802272,    0.000000 | 2.745568e-04, 4.755928e-04,   0.019586 :       OK
181 :  -2.227339,  -1.226768, -11.590820 |  -1.678816,  -0.662407,    0.000000 | 1.257666e-04, 3.193986e-04,   0.010905 :       OK
182 :   2.470743,  -2.809001,  57.677918 |   0.416452,  -1.184527,    0.000000 | 1.119581e-03, 3.929764e-04,   0.054166 :       OK
183 :  -2.626991,  -7.329156, -69.303697 |   5.307213,  -7.771789,    0.000000 | 1.146173e+00, 7.327223e-01,   8.885709 :       OK
184 :   2.462354,   5.229936,  17.698795 |   3.503442,   5.189645,    0.000000 | 1.057110e-03, 7.141463e-04,   0.011664 :       OK
185 :  -5.903521,  -4.008022,   3.384010 |  -5.103722,  -3.621077,    0.000000 | 2.474023e-03, 3.485615e-03,   0.039115 :       OK
186 :  -5.395934,   6.612991,  64.549581 |  -0.057118,   3.172793,    0.000000 | 2.291368e-01, 1.237539e-02,   4.131594 :       OK
187 :   2.268688,  -5.249306, -41.905122 |   5.886313,  -7.076554,    0.000000 | 3.465765e-03, 2.882238e-03,   0.028074 :       OK
188 :   3.325673,  -0.137195,  41.951354 |   3.441930,   2.060229,    0.000000 | 1.353271e-03, 2.259465e-03,   0.037599 :       OK
189 :  -0.989720,  -3.280107, -41.112013 |   1.083039,  -2.811861,    0.000000 | 8.990694e-04, 3.457967e-04,   0.018325 :       OK
190 :   7.442921,  -1.719227,   5.390729 |   6.068935,  -0.850970,    0.000000 | 6.927699e-04, 4.961629e-03,   0.046846 :       OK
191 :  -1.195037,   1.385499,  45.404913 |  -0.310164,   0.659253,    0.000000 | 6.244360e-04, 2.934800e-04,   0.054287 :       OK
192 :   2.226357,  -6.285389, -38.575747 |   6.064984,  -7.782842,    0.000000 | 1.153710e+00, 1.504201e+01,   7.531252 : Overflow
193 :  -5.064449,   0.028202, -62.935559 |  -7.034167,   5.640921,    0.000000 | 2.411487e-01, 3.037329e-01,   2.517572 :       OK
194 :   7.305126,  -6.717996,  13.235085 |   4.924940,  -4.311153,    0.000000 | 3.477464e-03, 3.973212e-03,   0.046248 :       OK
195 :   4.616055,  -7.313906,  25.195666 |   1.451021,  -4.926076,    0.000000 | 1.877973e-03, 5.521307e-04,   0.021847 :       OK
196 :  -7.924252,   4.586529,  64.712340 |  -5.962124,  -2.606779,    0.000000 | 1.788075e-01, 4.399575e-01,   4.294352 :       OK
197 :   3.164097,   5.283368, -89.941953 |  -3.496096,   4.954715,    0.000000 | 2.193102e+00, 1.209810e+00,  29.523965 :       OK
198 :  -6.090634,  -2.235948, -78.720936 |  -7.192939,   5.444155,    0.000000 | 1.398708e+00, 2.056892e+00,  18.302948 :       OK
199 :   3.233149,  -6.437978,  59.563068 |  -2.341438,  -5.179100,    0.000000 | 3.645897e-03, 1.646598e-03,   0.040345 :       OK
200 :   2.444511,   2.363885,  70.139412 |   6.795331,   6.775661,    0.000000 | 1.057108e+00, 1.060745e+00,   9.721424 :       OK
201 :   2.098062,   4.985938, -41.220106 |  -1.028687,   3.891543,    0.000000 | 9.852874e-04, 2.597579e-04,   0.014509 :       OK
202 :  -4.449015,  -7.108360, -54.305435 |   0.988156,  -4.705177,    0.000000 | 3.578530e-03, 7.495254e-04,   0.043582 :       OK
203 :   4.704445,   0.274044, -13.300749 |   3.956056,  -0.680813,    0.000000 | 2.298648e-04, 1.340462e-03,   0.019416 :       OK
204 :  -6.262441,   4.980261,  76.823907 |  -3.253647,  -0.812919,    0.000000 | 1.016668e-01, 9.108699e-01,  16.405920 :       OK
205 :  -0.041285,  -3.384061,  82.181553 |  -5.633899,  -6.294814,    0.000000 | 2.037625e+00, 1.732243e+00,  21.763565 :       OK
206 :   5.397395,   1.274334,  36.340456 |   6.126680,   4.312302,    0.000000 | 3.380617e-03, 4.800945e-03,   0.044879 :       OK
207 :   0.935241,  -3.749003, -31.416637 |   2.688185,  -4.037512,    0.000000 | 1.877146e-02, 1.247338e-02,   0.266802 :       OK
208 :  -1.577289,  -2.476615,   6.322907 |  -1.544030,  -2.212303,    0.000000 | 4.217992e-04, 2.945788e-04,   0.010917 :       OK
209 :   0.648360,  -5.733426,   9.744143 |  -0.267204,  -4.734520,    0.000000 | 3.715351e-03, 2.074893e-04,   0.044963 :       OK
210 :  -1.241313,  -1.352612,  72.567950 |  -3.805961,  -3.831987,    0.000000 | 7.328078e-01, 7.266601e-01,  12.149963 :       OK
211 :  -2.342249,   5.836046,  47.896159 |   1.873303,   4.814878,    0.000000 | 1.872064e-03, 7.273951e-04,   0.022282 :       OK
212 :   4.466260,   2.790274,  25.677499 |   5.157169,   4.268782,    0.000000 | 9.200432e-04, 1.111870e-03,   0.012362 :       OK
213 :   3.411164,   3.897671, -73.996312 |   0.099134,   1.567843,    0.000000 | 3.778422e-01, 6.794779e-02,  13.578325 :       OK
214 :   0.764709,  -4.595153, -58.747830 |   5.629941,  -6.769960,    0.000000 | 9.975677e-04, 8.292322e-04,   0.008451 :       OK
215 :   4.093036,   3.580497, -62.074231 |   1.705805,   0.449181,    0.000000 | 1.369929e-02, 4.950420e-02,   1.656244 :       OK
216 :  -6.405742,  -4.986048, -30.714471 |  -3.771914,  -1.758328,    0.000000 | 3.769488e-04, 8.074836e-04,   0.012261 :       OK
217 :  -5.929882,  -2.538230, -78.215160 |  -6.407826,   4.613548,    0.000000 | 1.144591e+00, 1.798193e+00,  17.797173 :       OK
218 :  -3.609195,  -2.071346, -10.572174 |  -2.727024,  -1.192360,    0.000000 | 4.628176e-04, 1.059691e-03,   0.022271 :       OK
219 :  -5.173062,  -3.165943, -29.054798 |  -3.466343,  -0.700877,    0.000000 | 3.841897e-04, 1.895032e-03,   0.031320 :       OK
220 :  -2.596963,  -4.844176,  11.319687 |  -2.996418,  -4.526823,    0.000000 | 4.249206e-03, 2.811134e-03,   0.053805 :       OK
221 :   7.555415,   4.500347, -88.361460 |   6.995413,  -4.855529,    0.000000 | 1.614493e+00, 2.959571e+00,  27.943473 :       OK
222 :   6.092458,   2.376184, -74.279892 |   6.598312,  -4.676345,    0.000000 | 9.483911e-01, 1.474458e+00,  13.861905 :       OK
223 :   6.625043,   3.089646, -63.984001 |   5.800257,  -3.161482,    0.000000 | 1.856549e-01, 3.551078e-01,   3.566013 :       OK
224 :   7.141307,   1.015572,  34.191323 |   7.545788,   4.747089,    0.000000 | 1.475014e+01, 1.751410e+00,  11.915677 : Overflow
225 :  -2.244971,   3.632719,  23.378683 |  -0.755692,   2.487429,    0.000000 | 1.749294e-03, 5.305286e-04,   0.040301 :       OK
226 :   4.044685,  -7.359611,  43.926586 |  -0.762417,  -5.158587,    0.000000 | 3.079938e-03, 4.535005e-04,   0.034211 :       OK
227 :  -3.655668,   4.554376,  62.927939 |  -0.017531,   2.254027,    0.000000 | 9.879039e-02, 2.931722e-03,   2.509951 :       OK
228 :   6.032619,   6.365723, -50.353132 |   1.803327,   2.468929,    0.000000 | 6.975713e-04, 5.097335e-04,   0.016180 :       OK
229 :  -5.757981,   5.241793,  20.768470 |  -3.483834,   2.868382,    0.000000 | 1.772912e-03, 2.152864e-03,   0.035390 :       OK
230 :  -1.768609,  -6.932470, -37.361797 |   2.231843,  -5.993156,    0.000000 | 3.224281e-03, 1.202285e-03,   0.030818 :       OK
231 :  -1.924216,  -4.995027, -35.356736 |   0.812699,  -3.910282,    0.000000 | 1.462634e-03, 3.048550e-04,   0.021429 :       OK
232 :   6.550365,   4.540554, -71.357856 |   4.221555,  -1.572761,    0.000000 | 2.249388e-01, 7.822001e-01,  10.939868 :       OK
233 :   0.663954,  -0.298543,  81.142555 |   0.721725,   0.527943,    0.000000 | 1.474241e-01, 2.318714e-01,  20.724568 :       OK
234 :   3.292792,  -0.920708, -56.931823 |   5.086212,  -4.357497,    0.000000 | 1.287657e-03, 1.502678e-03,   0.016918 :       OK
235 :   7.358353,   4.428364, -48.293216 |   4.929032,  -0.718855,    0.000000 | 3.578196e-04, 2.444159e-03,   0.028409 :       OK
236 :   0.827784,   7.665088,  11.998811 |   2.043731,   6.645229,    0.000000 | 2.616597e+00, 1.456625e+01,  19.474113 : Overflow
237 :  -1.730304,  -7.725926,  25.195185 |  -4.487673,  -7.692627,    0.000000 | 1.105594e+00, 1.510155e+01,   6.277739 : Overflow
238 :  -5.907625,  -6.322030,  13.710634 |  -6.310399,  -6.581083,    0.000000 | 1.324176e+01, 1.330524e+01,  17.762289 : Overflow
239 :   7.572226,   3.221371,  11.547372 |   6.953711,   4.002428,    0.000000 | 1.377080e+01, 3.005055e+00,  19.925552 : Overflow
240 :  -5.355338,   1.899313,  70.633648 |  -5.796629,  -4.041995,    0.000000 | 6.321176e-01, 9.745877e-01,  10.215660 :       OK
241 :   3.438015,   2.726274, -45.024753 |   1.813506,   0.517617,    0.000000 | 1.195252e-04, 4.176700e-04,   0.013192 :       OK
242 :  -1.095697,   1.033462,  27.187776 |  -0.591120,   0.508119,    0.000000 | 3.916103e-04, 4.556621e-04,   0.044189 :       OK
243 :   5.557476,   6.128067,  24.757226 |   7.314926,   7.622275,    0.000000 | 1.469342e+01, 1.471547e+01,   6.715698 : Overflow
244 :   7.170000,  -5.394670,  36.666251 |   4.145717,  -1.352090,    0.000000 | 1.290728e-03, 3.964567e-03,   0.054804 :       OK
245 :  -2.606125,   6.616555,  15.910544 |  -0.702152,   5.095085,    0.000000 | 4.911828e-03, 6.800026e-04,   0.055230 :       OK
246 :   0.883088,  -5.349160,  62.185961 |  -4.612152,  -6.358968,    0.000000 | 1.940529e-01, 1.393110e-01,   1.767974 :       OK
247 :   1.286972,  -4.231957,   2.279714 |   0.928993,  -3.471879,    0.000000 | 1.502778e-02, 3.990358e-03,   0.248146 :       OK
248 :   3.227539,   2.057169, -10.149952 |   2.416307,   1.256935,    0.000000 | 6.941876e-05, 1.329124e-04,   0.003147 :       OK
249 :  -1.317448,  -3.932830, -29.008878 |   0.487428,  -3.113234,    0.000000 | 7.934247e-04, 1.247998e-04,   0.014600 :       OK
250 :  -4.203315,  -1.186228,  31.413059 |  -4.592406,  -3.145485,    0.000000 | 1.440157e-02, 2.106441e-02,   0.263223 :       OK
251 :   0.275465,  -1.579546,  25.739736 |  -0.356787,  -1.339002,    0.000000 | 8.720188e-04, 2.328186e-04,   0.037307 :       OK
252 :  -5.624239,   3.869720,  73.730161 |  -3.723787,  -1.548351,    0.000000 | 2.620282e-01, 8.310141e-01,  13.312173 :       OK
253 :  -3.592756,  -7.090378, -79.667444 |   4.725271,  -6.932227,    0.000000 | 2.103860e+00, 1.222639e+00,  19.249456 :       OK
254 :   2.049405,   3.638823, -44.551523 |  -0.350582,   2.519515,    0.000000 | 5.458717e-04, 7.640725e-05,   0.012412 :       OK
255 :   4.728999,   3.327079, -70.162652 |   2.961436,  -0.996883,    0.000000 | 1.274298e-01, 4.916495e-01,   9.744664 :       OK
256 :  -6.950470,   3.973702,  83.048215 |  -6.325993,  -4.198551,    0.000000 | 1.201879e+00, 2.232290e+00,  22.630227 :       OK
257 :  -5.010028,  -0.000534, -57.555115 |  -6.436595,   4.913980,    0.000000 | 4.014318e-03, 5.259891e-03,   0.046843 :       OK
258 :  -5.435666,   0.697476,   8.772225 |  -4.474427,  -0.107716,    0.000000 | 4.562926e-05, 1.850132e-03,   0.023691 :       OK
259 :   0.141275,  -5.378663,  23.449505 |  -1.750864,  -4.792827,    0.000000 | 2.552540e-03, 9.312191e-04,   0.030521 :       OK
260 :  -3.764388,  -2.999280, -58.044165 |  -1.893167,  -0.144715,    0.000000 | 5.928593e-05, 7.814958e-04,   0.023652 :       OK
261 :  -2.771687,   5.145458,  77.397948 |   2.951417,   4.653051,    0.000000 | 1.268676e+00, 6.816981e-01,  16.979960 :       OK
262 :  -2.735915,  -0.795677,  50.662072 |  -3.879938,  -3.214960,    0.000000 | 5.962097e-04, 7.192771e-04,   0.010613 :       OK
263 :  -3.722685,   2.989010,  50.469828 |  -1.888516,   0.419514,    0.000000 | 1.539681e-04, 6.912586e-04,   0.020969 :       OK
264 :  -5.326512,  -4.251168, -61.934967 |  -2.663183,  -0.033098,    0.000000 | 1.810312e-03, 7.053105e-02,   1.516980 :       OK
265 :  -1.292837,  -3.933729, -36.038076 |   0.899097,  -3.211249,    0.000000 | 6.461700e-04, 1.814550e-04,   0.011526 :       OK
266 :   2.706963,   6.805714, -62.264128 |  -3.709941,   6.372582,    0.000000 | 2.034414e-01, 1.162502e-01,   1.846140 :       OK
267 :   4.834017,  -1.651110, -39.837860 |   6.051704,  -4.733988,    0.000000 | 2.045345e-03, 2.613923e-03,   0.024737 :       OK
268 :  -2.018559,  -7.679856, -53.106237 |   4.341992,  -7.527115,    0.000000 | 3.748655e-03, 2.163806e-03,   0.028525 :       OK
269 :   1.901753,  -0.071822,  39.786707 |   1.929253,   1.111467,    0.000000 | 6.982876e-04, 1.212863e-03,   0.036032 :       OK
270 :  -2.266746,  -5.255441,   3.150199 |  -2.123635,  -4.470928,    0.000000 | 3.832404e-03, 1.822160e-03,   0.049099 :       OK
271 :  -6.949241,   6.584744,  42.020487 |  -3.011681,   2.381932,    0.000000 | 1.311878e-03, 1.658255e-03,   0.031534 :       OK
272 :  -3.738707,   1.261213, -39.480059 |  -4.647958,   3.615856,    0.000000 | 2.956067e-03, 3.798675e-03,   0.046805 :       OK
273 :  -5.030175,   0.012248,  10.334562 |  -4.240186,  -0.746624,    0.000000 | 4.713513e-04, 2.668558e-03,   0.036055 :       OK
274 :   3.264652,  -1.880596, -46.875994 |   5.091249,  -4.584487,    0.000000 | 7.423505e-04, 8.245886e-04,   0.009289 :       OK
275 :   5.122861,  -2.591219,  -5.306359 |   4.468517,  -2.553623,    0.000000 | 8.616185e-04, 1.506601e-03,   0.019311 :       OK
276 :  -4.663018,  -7.403392,  -6.653379 |  -3.180431,  -5.734340,    0.000000 | 1.617219e-03, 8.961626e-04,   0.016165 :       OK
277 :   0.542791,  -3.324926,  48.021022 |  -1.974676,  -3.362791,    0.000000 | 2.060287e-03, 1.209062e-03,   0.035115 :       OK
278 :   2.710866,   4.973074, -28.862194 |   0.373161,   3.479636,    0.000000 | 2.998524e-03, 3.197360e-04,   0.049377 :       OK
279 :   0.837898,   1.747237, -62.155286 |  -0.753836,   1.478803,    0.000000 | 4.449986e-02, 2.218091e-02,   1.737299 :       OK
280 :   4.032519,   2.413909, -32.033200 |   2.703716,   0.354552,    0.000000 | 8.326513e-05, 6.312630e-04,   0.013376 :       OK
281 :   2.733083,  -7.942765, -21.131637 |   4.910128,  -7.899639,    0.000000 | 1.794337e+00, 1.459033e+01,  10.341286 : Overflow
282 :   0.484737,  -1.129565,  55.389643 |  -0.448709,  -0.958161,    0.000000 | 1.438130e-04, 6.722139e-05,   0.008604 :       OK
283 :   1.160642,  -3.434249,  -6.513232 |   1.293950,  -2.977825,    0.000000 | 2.308518e-03, 1.004240e-03,   0.044407 :       OK
284 :  -1.483082,  -0.800580, -52.838887 |  -1.088865,   0.335364,    0.000000 | 2.327957e-04, 7.570730e-04,   0.039844 :       OK
285 :   6.005522,   1.207398,  47.341901 |   7.708673,   5.966105,    0.000000 | 1.531411e+01, 8.540791e-01,   5.964727 : Overflow
286 :  -0.312979,   0.089797,  -7.814746 |  -0.272318,   0.110738,    0.000000 | 5.042193e-05, 1.241352e-04,   0.026125 :       OK
287 :  -3.380854,   3.641890,  15.378373 |  -2.086147,   2.369437,    0.000000 | 1.211736e-03, 1.066723e-03,   0.029316 :       OK
288 :   4.810667,  -0.544456, -20.690512 |   4.421636,  -1.954604,    0.000000 | 1.454100e-03, 3.285922e-03,   0.042568 :       OK
289 :  -4.778515,   1.263748,  10.300209 |  -3.839836,   0.348960,    0.000000 | 2.543541e-04, 2.781265e-03,   0.041498 :       OK
290 :  -4.644446,  -3.086490,  30.728010 |  -5.861854,  -5.105709,    0.000000 | 2.297542e-03, 2.638230e-03,   0.025800 :       OK
291 :   1.080747,  -4.469713,  26.649648 |  -0.792419,  -3.685043,    0.000000 | 1.464645e-03, 3.157923e-04,   0.022770 :       OK
292 :  -3.547038,  -0.643866,  49.653470 |  -4.642602,  -3.629928,    0.000000 | 7.006023e-04, 8.956481e-04,   0.011045 :       OK
293 :   2.625311,  -7.755898,  62.247416 |  -4.855232,  -7.761826,    0.000000 | 2.453978e-01, 1.510936e-01,   1.829429 :       OK
294 :   1.028868,  -3.237749, -42.433248 |   3.275423,  -4.149395,    0.000000 | 2.417618e-04, 1.910743e-04,   0.003331 :       OK
295 :   5.928958,   6.010428,   9.290674 |   5.796822,   5.854305,    0.000000 | 1.286265e+01, 1.287940e+01,  22.182249 : Overflow
296 :   3.433934,  -4.717593,  79.152365 |  -1.270471,  -2.969646,    0.000000 | 9.198771e-01, 2.626883e-01,  18.734377 :       OK
297 :   6.738433,  -3.766395,  62.619042 |   5.139269,   2.217078,    0.000000 | 8.139801e-02, 1.958404e-01,   2.201054 :       OK
298 :  -2.089653,  -1.605577,  56.820238 |  -4.207499,  -4.058499,    0.000000 | 1.105605e-03, 1.146140e-03,   0.015596 :       OK
299 :  -2.555750,   2.799943, -31.994916 |  -3.825926,   3.941851,    0.000000 | 1.714615e-03, 1.664236e-03,   0.024908 :       OK
300 :   0.543208,   1.006246,  46.124117 |   1.352007,   1.523784,    0.000000 | 1.893538e-03, 1.680379e-03,   0.071151 :       OK
301 :  -0.789383,   0.782666, -77.730439 |  -2.533434,   2.531998,    0.000000 | 6.602274e-01, 6.607338e-01,  17.312451 :       OK
302 :   2.305348,   6.372701,  -8.153583 |   1.177284,   5.068440,    0.000000 | 2.576310e-03, 5.997987e-04,   0.029120 :       OK
303 :  -5.584729,  -3.951464, -65.672492 |  -3.389496,   0.874426,    0.000000 | 6.604062e-02, 3.076013e-01,   5.254504 :       OK
304 :  -3.796596,   4.932714,  12.946617 |  -2.298348,   3.480085,    0.000000 | 1.219687e-04, 8.085647e-05,   0.002002 :       OK
305 :   3.513886,  -5.794282,  -8.900771 |   3.700930,  -5.320901,    0.000000 | 6.554352e-04, 4.563465e-04,   0.007051 :       OK
306 :   4.620877,  -0.754572,  28.042310 |   3.983971,   1.249826,    0.000000 | 5.662005e-04, 1.807828e-03,   0.026004 :       OK
307 :  -0.647828,   3.448220, -43.622815 |  -3.096143,   4.181388,    0.000000 | 3.339988e-03, 2.474030e-03,   0.045746 :       OK
308 :   6.819690,  -4.222594,  88.873961 |   6.053739,   4.111200,    0.000000 | 1.364724e+00, 2.614181e+00,  28.455973 :       OK
309 :   4.604510,  -1.490853,   8.135589 |   3.683072,  -0.705232,    0.000000 | 1.376058e-04, 7.153176e-04,   0.011126 :       OK
310 :   3.799528,  -7.523869,  52.192066 |  -1.953006,  -5.731612,    0.000000 | 4.745822e-03, 1.619651e-03,   0.047432 :       OK
311 :   6.960585,  -3.118945, -18.492944 |   6.929137,  -4.620762,    0.000000 | 1.440908e+01, 1.978476e+00,  12.979980 : Overflow
312 :  -3.424099,  -1.239370,  -6.759928 |  -2.739437,  -0.699574,    0.000000 | 2.621473e-04, 1.028848e-03,   0.021522 :       OK
313 :   3.476929,  -3.797331,  20.225817 |   1.931172,  -2.309587,    0.000000 | 2.148304e-03, 1.796728e-03,   0.053266 :       OK
314 :  -0.249277,  -5.780031,  29.659455 |  -2.830321,  -5.565170,    0.000000 | 3.457287e-03, 1.759757e-03,   0.035584 :       OK
315 :  -6.180629,   4.441241, -17.325147 |  -6.496240,   5.429550,    0.000000 | 1.409499e+01, 2.102006e+00,  14.147776 : Overflow
316 :   3.790804,   7.815689, -20.249962 |   1.003938,   5.759582,    0.000000 | 3.467224e-03, 6.024575e-04,   0.034495 :       OK
317 :  -5.993680,  -2.470462, -30.229360 |  -4.549431,   0.405503,    0.000000 | 1.795787e-04, 2.001855e-03,   0.025210 :       OK
318 :  -4.600277,  -6.378103, -76.000446 |   1.570128,  -3.987974,    0.000000 | 1.039584e+00, 2.839065e-01,  15.582459 :       OK
319 :   4.263009,   0.528267,  67.339289 |   6.917223,   5.960467,    0.000000 | 6.712416e-01, 7.940880e-01,   6.921301 :       OK
320 :  -0.300271,   6.592143, -28.420612 |  -3.106412,   6.285622,    0.000000 | 4.753741e-03, 2.351467e-03,   0.043320 :       OK
321 :   2.409962,  -0.382649,  86.092300 |   4.037256,   3.521546,    0.000000 | 1.219193e+00, 1.510743e+00,  25.674312 :       OK
322 :  -1.071037,  -0.465516, -58.971555 |  -0.930933,   0.475405,    0.000000 | 6.924137e-05, 1.358102e-04,   0.008364 :       OK
323 :   1.343419,   4.000104, -54.607917 |  -2.004119,   3.713625,    0.000000 | 6.702469e-04, 3.612417e-04,   0.010346 :       OK
324 :  -0.718345,  -2.994466, -80.535641 |   3.473312,  -4.228782,    0.000000 | 1.299192e+00, 9.813986e-01,  20.117653 :       OK
325 :  -1.213180,   7.802215,   8.526063 |  -0.050879,   6.395593,    0.000000 | 5.137606e-03, 3.779128e-05,   0.046026 :       OK
326 :  -6.159654,   2.018468,   4.001048 |  -5.006580,   1.321762,    0.000000 | 4.253411e-04, 1.607411e-03,   0.018392 :       OK
327 :   1.945802,   1.702370, -36.125430 |   0.995449,   0.615987,    0.000000 | 3.875186e-04, 6.266032e-04,   0.036079 :       OK
328 :  -7.283803,  -2.938019,  12.112550 |  -6.698759,  -3.779851,    0.000000 | 1.394595e+01, 2.800070e+00,  19.360373 : Overflow
329 :   2.655040,   4.374687, -50.123358 |  -0.495174,   2.927232,    0.000000 | 5.220044e-04, 8.780953e-05,   0.010219 :       OK
330 :  -0.611869,   0.870222,  87.669017 |   0.361935,   0.628203,    0.000000 | 2.684640e-01, 1.063035e-01,  27.251030 :       OK
331 :   1.070645,   1.601052,  61.739715 |   3.181201,   3.331030,    0.000000 | 7.600171e-02, 7.250520e-02,   1.321728 :       OK
332 :   2.775963,  -3.620854,  -8.023343 |   2.748175,  -3.357640,    0.000000 | 6.315611e-04, 5.167182e-04,   0.010785 :       OK
333 :  -6.859204,   7.592672,  89.370818 |   0.187688,   2.708085,    0.000000 | 1.402966e+00, 2.542453e-01,  28.952831 :       OK
334 :  -7.134248,   4.395560,  30.656121 |  -4.741670,   0.861277,    0.000000 | 6.905115e-04, 3.813788e-03,   0.046089 :       OK
335 :  -2.924531,   7.789170,  40.473050 |   1.897117,   6.283665,    0.000000 | 5.583561e-03, 1.682585e-03,   0.050922 :       OK
336 :   5.012514,  -5.166418,  54.358674 |   1.470428,  -1.800225,    0.000000 | 4.736737e-04, 3.867738e-04,   0.015084 :       OK
337 :   7.230205,   0.788216, -41.904924 |   7.154757,  -3.952776,    0.000000 | 1.921154e-03, 3.479908e-03,   0.027876 :       OK
338 :  -0.732492,   3.520841,  17.781980 |   0.284019,   2.871684,    0.000000 | 2.025048e-03, 2.014488e-04,   0.040401 :       OK
339 :   3.326169,   3.790378, -65.175234 |   0.345924,   1.547350,    0.000000 | 1.298167e-01, 3.409194e-02,   4.757247 :       OK
340 :  -1.504973,  -0.536878, -71.455658 |  -1.641308,   1.154494,    0.000000 | 1.932338e-01, 2.966579e-01,  11.037670 :       OK
341 :   3.961590,  -7.365701,  55.467862 |  -1.933648,  -5.503504,    0.000000 | 2.409778e-03, 8.478991e-04,   0.025082 :       OK
342 :   3.640995,  -6.187194,  74.115525 |  -2.732880,  -4.969805,    0.000000 | 1.120998e+00, 5.168848e-01,  13.697537 :       OK
343 :  -1.922250,   3.321799,  20.144903 |  -0.705441,   2.356063,    0.000000 | 1.136701e-03, 3.397598e-04,   0.027647 :       OK
344 :  -0.437918,  -2.780410,  -4.971099 |  -0.164322,  -2.284255,    0.000000 | 7.509688e-04, 5.353868e-05,   0.018837 :       OK
345 :   4.722774,   1.982662, -35.711285 |   3.611934,  -0.628585,    0.000000 | 2.907883e-05, 1.638672e-04,   0.002598 :       OK
346 :  -5.899285,   0.374605, -25.013397 |  -5.509109,   2.546511,    0.000000 | 8.742276e-04, 1.893344e-03,   0.019697 :       OK
347 :  -7.802650,  -5.419590, -74.719494 |  -5.131710,   2.153846,    0.000000 | 3.825217e-01, 1.226814e+00,  14.301506 :       OK
348 :   6.806500,   5.829658, -88.130269 |   3.012994,  -0.761022,    0.000000 | 2.325359e-02, 1.424020e+00,  27.712281 :       OK
349 :  -0.542971,   0.073455,  51.755696 |  -0.584350,  -0.377077,    0.000000 | 2.382917e-04, 3.690904e-04,   0.036176 :       OK
350 :  -4.579781,  -2.809039, -44.834550 |  -3.008423,   0.204934,    0.000000 | 1.659194e-04, 2.457274e-03,   0.046801 :       OK
351 :   6.965157,   7.050175, -63.526876 |   1.811823,   2.025619,    0.000000 | 1.126328e-01, 1.013413e-01,   3.108888 :       OK
352 :  -2.227569,   0.514917, -50.301257 |  -3.032849,   2.442164,    0.000000 | 1.522536e-03, 1.890327e-03,   0.035695 :       OK
353 :  -7.396955,   3.591361,  40.143634 |  -5.444021,  -0.919095,    0.000000 | 8.804897e-04, 5.196112e-03,   0.054681 :       OK
354 :  -2.362746,   0.784894,  46.993522 |  -2.061698,  -0.911575,    0.000000 | 2.368322e-04, 5.363626e-04,   0.014911 :       OK
355 :   7.603440,  -5.053566,  45.006295 |   4.714562,  -0.073425,    0.000000 | 5.987041e-06, 4.332707e-04,   0.005266 :       OK
356 :  -0.847484,  -1.504837, -36.561696 |   0.000674,  -1.031838,    0.000000 | 8.545535e-04, 1.072511e-06,   0.047451 :       OK
357 :   0.731141,   2.780145, -75.556929 |  -2.788588,   3.567913,    0.000000 | 8.558274e-01, 6.201435e-01,  15.138941 :       OK
358 :   3.886407,   3.371044,  12.268357 |   3.902619,   3.557409,    0.000000 | 2.989330e-04, 3.278172e-04,   0.004804 :       OK
359 :   6.058388,  -3.276733, -23.278024 |   6.583072,  -5.045545,    0.000000 | 2.560437e-03, 3.339648e-03,   0.029054 :       OK
360 :   6.497295,  -4.446143,  37.215523 |   4.000740,  -0.741994,    0.000000 | 6.069984e-04, 3.262602e-03,   0.046719 :       OK
361 :  -1.926660,  -1.428502,  37.799678 |  -2.799403,  -2.585698,    0.000000 | 1.831715e-03, 1.982919e-03,   0.040563 :       OK
362 :  -5.615357,  -2.224166, -54.677692 |  -4.906213,   2.401236,    0.000000 | 1.333715e-03, 2.722650e-03,   0.031787 :       OK
363 :  -5.554309,   6.913556,   7.480055 |  -3.897125,   5.182294,    0.000000 | 2.456897e-03, 1.848225e-03,   0.027152 :       OK
364 :   1.787833,   0.847609,   7.587184 |   1.589946,   0.906530,    0.000000 | 3.536444e-04, 6.206921e-04,   0.022375 :       OK
365 :   4.711694,   5.273443, -81.160116 |   0.044000,   1.965716,    0.000000 | 7.301867e-01, 1.465033e-01,  20.742129 :       OK
366 :  -0.793373,   1.468416, -81.712435 |  -3.838927,   3.973490,    0.000000 | 1.242812e+00, 1.182240e+00,  21.294448 :       OK
367 :   1.623526,   2.453107, -30.106626 |   0.417973,   1.582170,    0.000000 | 9.950077e-04, 2.623275e-04,   0.036038 :       OK
368 :  -5.029889,   3.642732,  64.593987 |  -2.942331,  -0.611556,    0.000000 | 3.679362e-02, 2.130163e-01,   4.175999 :       OK
369 :   3.548375,   3.779247, -84.897503 |   0.269334,   1.112370,    0.000000 | 5.148082e-01, 2.216859e-01,  24.479515 :       OK
370 :   3.616696,   4.693964,  11.371731 |   3.838506,   4.571485,    0.000000 | 4.838657e-04, 4.065025e-04,   0.006056 :       OK
371 :  -7.749455,  -6.083604, -21.611746 |  -4.943666,  -2.928021,    0.000000 | 8.473022e-04, 1.431675e-03,   0.016600 :       OK
372 :  -7.798240,   5.267426, -11.213275 |  -7.456032,   5.729283,    0.000000 | 1.302408e+01, 1.256274e+01,  20.259649 : Overflow
373 :  -5.552115,   7.052184,  14.827894 |  -3.230810,   4.843194,    0.000000 | 1.701789e-03, 1.134639e-03,   0.020141 :       OK
374 :   0.534876,   4.419433,  62.346250 |   5.559422,   6.645169,    0.000000 | 2.205327e-01, 1.833704e-01,   1.928262 :       OK
375 :  -6.924938,   7.791512,  51.439548 |  -1.605537,   3.370251,    0.000000 | 9.691209e-04, 4.611635e-04,   0.016481 :       OK
376 :  -5.051810,  -7.464202, -39.631009 |  -0.601324,  -4.599018,    0.000000 | 6.228481e-04, 8.067476e-05,   0.007761 :       OK
377 :  -0.444331,  -7.183903,  37.947492 |  -4.695667,  -7.579427,    0.000000 | 1.192133e+00, 1.516429e+01,   8.159507 : Overflow
378 :   3.915444,   1.141585,  41.635661 |   4.895773,   3.782875,    0.000000 | 1.161322e-03, 1.502452e-03,   0.017574 :       OK
379 :   1.296804,  -3.576342, -42.557731 |   3.799391,  -4.699363,    0.000000 | 6.757319e-04, 5.460363e-04,   0.008246 :       OK
380 :   7.598741,  -1.623411,  -1.196334 |   6.334799,  -1.479034,    0.000000 | 1.392435e+01, 3.943747e+00,  30.276590 : Overflow
381 :  -1.913694,  -2.165737,  80.770868 |  -6.904985,  -6.956060,    0.000000 | 2.083007e+00, 2.061224e+00,  20.352881 :       OK
382 :  -5.334923,   6.153727,  -4.980265 |  -4.887959,   5.510825,    0.000000 | 1.247617e+01, 1.268964e+01,  26.492658 : Overflow
383 :  -0.147115,   0.456148,  56.264764 |   0.248561,   0.436057,    0.000000 | 8.786051e-05, 5.013608e-05,   0.011540 :       OK
384 :  -6.153165,  -0.245018, -10.644785 |  -5.156164,   0.747222,    0.000000 | 6.537009e-04, 4.529841e-03,   0.050340 :       OK
385 :  -3.251974,   1.468066, -44.380499 |  -4.590034,   3.907793,    0.000000 | 2.751899e-03, 3.232944e-03,   0.040375 :       OK
386 :  -1.861603,   4.061944,   2.593133 |  -1.393709,   3.304043,    0.000000 | 2.688491e-03, 1.132710e-03,   0.046633 :       OK
387 :  -5.096099,  -4.221050, -88.266227 |  -2.522655,   0.866121,    0.000000 | 1.338575e-01, 1.170634e+00,  27.848240 :       OK
388 :  -3.475871,   5.612045,  48.661143 |   0.459425,   3.684821,    0.000000 | 2.442391e-04, 2.986675e-05,   0.003799 :       OK
389 :   4.115592,  -7.349116,  41.495515 |  -0.462331,  -5.073342,    0.000000 | 4.055628e-03, 3.720044e-04,   0.045800 :       OK
390 :  -3.861087,   3.900405,  56.741393 |  -1.152238,   1.240068,    0.000000 | 3.782151e-04, 3.514516e-04,   0.017464 :       OK
391 :   1.638088,  -5.198810, -54.119805 |   6.720360,  -7.869256,    0.000000 | 3.934348e-01, 1.566012e+01,   2.772483 : Overflow
392 :  -0.859452,  -3.351785, -43.771198 |   1.405944,  -3.033717,    0.000000 | 4.910474e-04, 2.279762e-04,   0.009269 :       OK
393 :  -3.955872,   0.501171,  87.835678 |  -7.038581,  -6.240168,    0.000000 | 2.279998e+00, 2.769984e+00,  27.417691 :       OK
394 :  -6.891633,   4.109636,  86.876524 |  -6.259780,  -4.255798,    0.000000 | 1.356485e+00, 2.532642e+00,  26.458536 :       OK
395 :   0.493175,   2.340901,  40.774878 |   2.019323,   2.771869,    0.000000 | 8.175111e-04, 5.952951e-04,   0.016907 :       OK
396 :  -0.041359,   1.135850, -63.764830 |  -1.337118,   1.635551,    0.000000 | 9.331042e-02, 7.535865e-02,   3.346842 :       OK
397 :   6.320561,  -6.559777,  28.855202 |   3.065327,  -3.393779,    0.000000 | 3.291503e-03, 2.973350e-03,   0.055537 :       OK
398 :  -4.853833,  -7.406823, -45.498282 |   0.044242,  -4.642640,    0.000000 | 3.166782e-03, 2.837117e-05,   0.039082 :       OK
399 :  -7.062927,  -2.737132, -41.219983 |  -5.665288,   1.704784,    0.000000 | 4.269632e-04, 1.422150e-03,   0.014386 :       OK
400 :  -0.320503,   5.873280, -34.391999 |  -3.419536,   5.947595,    0.000000 | 2.283353e-03, 1.311866e-03,   0.022004 :       OK
401 :   1.651978,  -5.727382,  10.838691 |   0.490980,  -4.576904,    0.000000 | 1.632496e-03, 1.761224e-04,   0.020435 :       OK
402 :   3.967327,  -6.869092,  47.737566 |  -0.815522,  -4.723977,    0.000000 | 2.012353e-03, 3.485452e-04,   0.024405 :       OK
403 :   5.315212,   2.491322,  39.164711 |   7.007318,   5.824417,    0.000000 | 2.688915e-03, 3.234325e-03,   0.026433 :       OK
404 :  -5.450284,   4.012753,  10.646766 |  -3.978554,   2.542132,    0.000000 | 2.323706e-03, 3.634596e-03,   0.052321 :       OK
405 :   5.470552,  -0.662047, -21.460758 |   5.072143,  -2.328648,    0.000000 | 2.266223e-03, 4.930671e-03,   0.055681 :       OK
406 :  -1.126922,  -0.761810,  23.062204 |  -1.273246,  -1.070673,    0.000000 | 3.935888e-04, 4.679502e-04,   0.021047 :       OK
407 :  -0.479361,  -4.535996, -21.825299 |   1.041705,  -3.885071,    0.000000 | 1.821566e-03, 4.893832e-04,   0.026860 :       OK
408 :  -2.105653,   6.256868,  78.104743 |   5.844162,   7.619485,    0.000000 | 2.108942e+00, 1.466909e+00,  17.686755 :       OK
409 :   4.691914,   6.666755, -59.597841 |  -0.653118,   3.983910,    0.000000 | 2.559276e-03, 4.209831e-04,   0.036804 :       OK
410 :  -7.684588,  -7.191914,  -4.569091 |  -5.920412,  -5.477664,    0.000000 | 2.561838e-03, 2.768658e-03,   0.026780 :       OK
411 :   2.641408,  -3.263532,   5.296141 |   1.950489,  -2.516709,    0.000000 | 1.296462e-03, 1.004496e-03,   0.029529 :       OK
412 :  -2.523035,  -1.669593, -17.852276 |  -1.757335,  -0.790270,    0.000000 | 4.128676e-04, 9.171658e-04,   0.029895 :       OK
413 :  -4.848607,   4.253684,  65.656060 |  -1.977013,   0.424308,    0.000000 | 4.711294e-02, 1.827680e-01,   5.238072 :       OK
414 :  -5.636671,   1.093948, -13.496433 |  -5.023376,   2.045005,    0.000000 | 3.117913e-04, 7.641095e-04,   0.008711 :       OK
415 :   2.007119,  -3.389096,  38.382318 |   0.025365,  -2.266136,    0.000000 | 6.909117e-04, 7.261245e-06,   0.017469 :       OK
416 :  -2.557874,  -3.097150, -17.777416 |  -1.415217,  -2.025492,    0.000000 | 1.588899e-03, 1.109677e-03,   0.044965 :       OK
417 :   4.336545,  -2.027544,  20.125931 |   3.219472,  -0.497148,    0.000000 | 4.029451e-04, 2.619365e-03,   0.046620 :       OK
418 :   4.954646,  -5.196079,  46.783971 |   1.634646,  -2.087938,    0.000000 | 1.063537e-03, 8.328713e-04,   0.029172 :       OK
419 :  -2.807134,  -2.615381,  52.141586 |  -5.621368,  -5.557324,    0.000000 | 1.356333e-03, 1.371988e-03,   0.013995 :       OK
420 :   2.039792,  -3.228457, -54.144389 |   5.431826,  -5.815194,    0.000000 | 5.633822e-04, 5.263468e-04,   0.005542 :       OK
421 :   1.251308,  -4.139502, -45.645077 |   4.420799,  -5.501254,    0.000000 | 3.644139e-03, 2.929152e-03,   0.037936 :       OK
422 :  -6.264183,   6.009541,  -4.632167 |  -5.618490,   5.423603,    0.000000 | 1.234954e+01, 1.228197e+01,  26.840757 : Overflow
423 :  -1.886861,   4.416959, -21.817742 |  -3.110191,   4.544774,    0.000000 | 2.731044e-03, 1.869793e-03,   0.034417 :       OK
424 :   2.650883,   0.723772, -27.090555 |   2.155482,  -0.410261,    0.000000 | 2.118812e-04, 1.109984e-03,   0.029502 :       OK
425 :   4.004612,  -0.457663,  65.022871 |   5.172915,   3.982618,    0.000000 | 3.037125e-01, 4.033267e-01,   4.604883 :       OK
426 :   0.498323,   6.063219, -56.828536 |  -5.215375,   7.234749,    0.000000 | 9.224560e-04, 6.655864e-04,   0.007298 :       OK
427 :   2.912298,  -0.637359,  -5.969067 |   2.484894,  -0.783955,    0.000000 | 3.843535e-04, 1.216285e-03,   0.028040 :       OK
428 :   0.025822,   0.200739, -41.238426 |  -0.103290,   0.194821,    0.000000 | 1.115935e-04, 5.912103e-05,   0.032830 :       OK
429 :   5.736077,  -1.951066,  74.915383 |   6.668315,   4.942954,    0.000000 | 1.049486e+00, 1.546250e+00,  14.497395 :       OK
430 :  -0.529914,  -7.885676,  16.850211 |  -2.411081,  -6.959591,    0.000000 | 2.061670e+00, 1.480896e+01,  14.622713 : Overflow
431 :   3.444961,   5.491838, -22.176214 |   1.267211,   3.768410,    0.000000 | 7.668495e-04, 2.572689e-04,   0.011663 :       OK
432 :   6.831848,  -3.680084,  49.046601 |   4.930788,   1.225009,    0.000000 | 1.141433e-03, 4.605448e-03,   0.053524 :       OK
433 :   5.146430,  -2.960962, -20.987954 |   5.480404,  -4.223152,    0.000000 | 2.287686e-03, 2.969618e-03,   0.031060 :       OK
434 :  -2.942669,   7.261366,   2.167330 |  -2.215544,   5.937272,    0.000000 | 3.731591e-02, 1.382274e-02,   0.360530 :       OK
435 :   6.662861,  -0.395663,  27.580324 |   6.017512,   2.398230,    0.000000 | 5.280235e-04, 1.327192e-03,   0.012641 :       OK
436 :   7.887858,   1.933372, -10.100160 |   6.362889,   0.469488,    0.000000 | 3.791043e-04, 5.179856e-03,   0.046645 :       OK
437 :   4.452706,  -0.061834,  60.629271 |   5.898744,   4.598528,    0.000000 | 1.691652e-02, 2.172024e-02,   0.211284 :       OK
438 :  -2.835994,   0.810359, -64.981198 |  -4.973000,   4.432275,    0.000000 | 3.375922e-01, 3.824186e-01,   4.563211 :       OK
439 :  -5.048379,  -0.110676, -42.901444 |  -5.343895,   3.319260,    0.000000 | 9.398463e-04, 1.514175e-03,   0.016242 :       OK
440 :   5.271281,   5.469161, -33.809381 |   2.321816,   2.618051,    0.000000 | 4.908748e-05, 4.344458e-05,   0.001082 :       OK
441 :   4.284260,   4.520407, -70.921451 |   0.721603,   1.397253,    0.000000 | 2.697408e-01, 1.565708e-01,  10.503464 :       OK
442 :  -0.814407,   2.085972,  15.301630 |  -0.232247,   1.610366,    0.000000 | 1.643862e-04, 2.396119e-05,   0.005847 :       OK
443 :  -7.016467,   0.315156, -39.484108 |  -7.454997,   4.663486,    0.000000 | 1.532510e+01, 9.534139e-01,   6.622892 : Overflow
444 :   3.539132,   2.011304,  -7.693611 |   2.738444,   1.288488,    0.000000 | 3.805308e-04, 8.078179e-04,   0.016896 :       OK
445 :   5.833048,  -5.476844,  36.987957 |   2.742365,  -2.178692,    0.000000 | 1.639718e-03, 2.063384e-03,   0.043090 :       OK
446 :   0.030026,  -4.019919,  56.650209 |  -3.824200,  -5.074493,    0.000000 | 3.380547e-03, 2.546787e-03,   0.038186 :       OK
447 :  -7.053766,  -3.127219, -10.690498 |  -5.468281,  -1.541767,    0.000000 | 4.254808e-04, 1.512623e-03,   0.015852 :       OK
448 :  -3.519605,  -0.046371,   1.055525 |  -2.921708,  -0.092290,    0.000000 | 3.337002e-03, 7.511814e-02,   1.472335 :       OK
449 :  -5.027701,  -2.484388, -53.423788 |  -3.907621,   1.454159,    0.000000 | 1.390842e-03, 3.731915e-03,   0.054706 :       OK
450 :  -7.323028,   1.020142,  13.517644 |  -6.044846,  -0.576790,    0.000000 | 1.247336e-04, 1.318670e-03,   0.012500 :       OK
451 :  -0.629975,  -6.997925,   3.262139 |  -0.854375,  -5.845942,    0.000000 | 5.006459e-03, 7.346932e-04,   0.049064 :       OK
452 :  -0.275870,  -5.845435,  17.249263 |  -1.721777,  -5.141871,    0.000000 | 1.218167e-03, 4.087597e-04,   0.013570 :       OK
453 :  -3.138980,   7.528916,  72.641561 |   5.225850,   7.717168,    0.000000 | 1.539532e+00, 9.470776e-01,  12.223574 :       OK
454 :  -0.950697,   0.699044,  87.358865 |  -0.628626,  -0.330630,    0.000000 | 9.047396e-02, 2.693688e-01,  26.940878 :       OK
455 :   3.583932,  -4.354803,  36.558696 |   1.134726,  -2.345481,    0.000000 | 2.064675e-03, 9.978838e-04,   0.050451 :       OK
456 :  -3.911135,  -6.660867, -38.033332 |  -0.042709,  -4.474117,    0.000000 | 2.400089e-03, 2.155636e-05,   0.030736 :       OK
457 :   7.529199,   3.685639,   3.290211 |   6.433613,   3.422285,    0.000000 | 1.306159e+01, 4.027954e+00,  28.182713 : Overflow
458 :  -2.190297,   5.245026,  48.234310 |   1.611841,   4.270446,    0.000000 | 1.832457e-03, 6.907216e-04,   0.024591 :       OK
459 :  -7.344360,   6.783542,  22.663028 |  -4.292223,   3.601079,    0.000000 | 1.723453e-03, 2.053816e-03,   0.027403 :       OK
460 :   5.070933,   6.273298,  -3.509957 |   3.896577,   4.957308,    0.000000 | 2.168428e-03, 1.703955e-03,   0.025074 :       OK
461 :   1.291699,  -2.876670,  12.978141 |   0.554123,  -2.203643,    0.000000 | 1.289630e-03, 3.249674e-04,   0.033526 :       OK
462 :   0.981344,  -1.084777,  76.490268 |   0.062509,  -0.388654,    0.000000 | 1.129340e-01, 3.315728e-02,  16.072280 :       OK
463 :  -2.994410,  -6.001773,   0.460598 |  -2.524822,  -5.000296,    0.000000 | 1.820965e-01, 9.437253e-02,   2.067262 :       OK
464 :  -0.885650,   4.856596,  81.094423 |   6.205886,   7.362958,    0.000000 | 2.306636e+00, 1.803796e+00,  20.676435 :       OK
465 :  -2.004217,  -5.199961,  45.991820 |  -6.075920,  -7.264213,    0.000000 | 3.413588e-03, 2.855778e-03,   0.026911 :       OK
466 :   2.036833,  -0.330136,  -4.780127 |   1.718893,  -0.416064,    0.000000 | 1.013633e-04, 4.199908e-04,   0.014002 :       OK
467 :   0.835219,  -1.991790,  24.355489 |   0.032706,  -1.500779,    0.000000 | 8.707262e-04, 1.946042e-05,   0.033241 :       OK
468 :  -1.721057,  -6.313591,  28.306454 |  -4.300769,  -6.625951,    0.000000 | 5.272145e-03, 3.423864e-03,   0.045571 :       OK
469 :   0.569756,  -1.211287, -35.980118 |   1.242581,  -1.526672,    0.000000 | 1.129806e-03, 9.193437e-04,   0.042422 :       OK
470 :  -0.637399,   1.574018,  89.111215 |   1.646842,   2.034263,    0.000000 | 8.510009e-01, 5.991669e-01,  28.693227 :       OK
471 :   2.593933,  -0.940987, -85.562832 |   6.683370,  -6.375287,    0.000000 | 2.234540e+00, 2.404275e+00,  25.144845 :       OK
472 :  -0.163931,  -1.880444, -16.422697 |   0.311742,  -1.585370,    0.000000 | 2.167553e-04, 4.237450e-05,   0.007836 :       OK
473 :  -5.503111,  -1.426721, -13.250514 |  -4.412805,  -0.150184,    0.000000 | 7.943473e-05, 2.373523e-03,   0.030819 :       OK
474 :  -2.592578,   3.630247,  37.894561 |  -0.498437,   2.166676,    0.000000 | 2.054446e-03, 4.738690e-04,   0.054320 :       OK
475 :  -3.501386,  -0.849499,  21.555672 |  -3.384931,  -1.874400,    0.000000 | 1.282135e-03, 2.317048e-03,   0.039232 :       OK
476 :  -3.487899,  -7.469989, -65.440447 |   3.726084,  -6.627838,    0.000000 | 5.674051e-01, 3.015598e-01,   5.022460 :       OK
477 :  -0.973875,  -3.497666, -70.505244 |   3.042364,  -4.126293,    0.000000 | 6.829442e-01, 4.742828e-01,  10.087257 :       OK
478 :   5.609257,  -7.397608,  57.784967 |  -0.065821,  -4.002536,    0.000000 | 3.694240e-03, 5.840085e-05,   0.052883 :       OK
479 :  -2.597216,  -0.684003, -84.200162 |  -3.763972,   3.137686,    0.000000 | 1.011175e+00, 1.333391e+00,  23.782174 :       OK
480 :  -1.558043,   5.937700,   0.334295 |  -1.264111,   4.919535,    0.000000 | 1.874634e-01, 4.480162e-02,   2.193565 :       OK
481 :  -2.810340,   7.300432,  62.429182 |   4.127569,   6.949479,    0.000000 | 2.414467e-01, 1.406326e-01,   2.011194 :       OK
482 :   2.050467,   3.416585,  36.128032 |   3.959507,   4.562909,    0.000000 | 2.667238e-03, 2.314890e-03,   0.033476 :       OK
483 :   2.158854,  -0.607148, -77.161735 |   4.579713,  -4.244827,    0.000000 | 1.061262e+00, 1.174927e+00,  16.743747 :       OK
484 :  -2.911487,   2.007137,  14.140857 |  -2.074617,   1.114141,    0.000000 | 6.942461e-04, 1.293706e-03,   0.035740 :       OK
485 :  -7.048457,   2.150146,   3.439633 |  -5.752050,   1.436044,    0.000000 | 4.148993e-04, 1.657595e-03,   0.016508 :       OK
486 :   4.981720,  -1.254631,  -0.152494 |   4.136525,  -1.052076,    0.000000 | 4.718541e-02, 1.724455e-01,   2.375366 :       OK
487 :   2.442275,  -4.278705,  38.968383 |  -0.091615,  -2.916633,    0.000000 | 5.350801e-05, 1.221896e-06,   0.001051 :       OK
488 :  -5.980433,  -0.501824,  27.117236 |  -5.733216,  -2.901244,    0.000000 | 1.437911e-04, 2.827992e-04,   0.002821 :       OK
489 :   1.304919,   3.707379, -32.932942 |  -0.600571,   2.941419,    0.000000 | 9.164319e-04, 1.865309e-04,   0.017854 :       OK
490 :   3.126749,  -1.179830, -67.940879 |   6.095336,  -5.601789,    0.000000 | 6.850090e-01, 7.542582e-01,   7.522891 :       OK
491 :   6.369383,  -2.546692, -12.631071 |   5.883793,  -3.339359,    0.000000 | 1.291097e-03, 2.276507e-03,   0.022176 :       OK
492 :  -5.411992,   7.188946,  85.158040 |   2.076460,   4.441726,    0.000000 | 1.781472e+00, 5.041803e-01,  24.740052 :       OK
493 :  -1.714243,   1.437607, -39.079896 |  -2.644570,   2.528518,    0.000000 | 2.860768e-05, 2.996917e-05,   0.000658 :       OK
494 :   0.158361,  -4.216358,  -0.551029 |   0.165059,  -3.500082,    0.000000 | 1.208828e-01, 7.780065e-03,   1.976830 :       OK
495 :  -6.034823,   5.379771,  -6.721237 |  -5.566947,   5.083562,    0.000000 | 1.284224e+01, 1.268638e+01,  24.751687 : Overflow
496 :  -7.431278,  -3.178886,  12.182910 |  -6.871374,  -4.018699,    0.000000 | 1.385065e+01, 2.875826e+00,  19.290014 : Overflow
497 :  -0.478340,   0.402922, -39.771657 |  -0.747616,   0.716357,    0.000000 | 2.621607e-04, 2.736007e-04,   0.020981 :       OK
498 :   4.859932,   3.444749, -44.275424 |   2.862537,   0.319350,    0.000000 | 2.652618e-04, 2.364893e-03,   0.047332 :       OK
499 :  -3.672778,   3.917689, -47.788737 |  -7.207486,   7.295741,    0.000000 | 7.579039e-01, 1.524999e+01,   5.517891 : Overflow
---------------------------------------------
Test summary
 Error of x : 2.061569e-06 to 1.555354e+01, avg 8.972768e-01
 Error of y : 1.072511e-06 to 1.566012e+01, avg 8.275924e-01
 Error of z : 0.000429 deg to 30.534714 deg, avg 4.337881 deg
---------------------------------------------
